1	0	0.00035346797	0.17186576	0	0	
2	0.094487734	0.11844797	0.105876714	0.13478906	0.048165478	
3	0.13230193	0.17365749	0	0.0675774	0.2148678	
4	0.08767637	0.089058965	0.14494397	0.1605434	0.112705246	
5	0.29549444	0.27010012	0.067442514	0	0.049603082	
6	0.15165998	0.061211806	0.22590649	0.13568479	0.01287942	
7	0.058050226	0.014411007	0.082757205	0.077811256	0.23645212	
8	0.16267186	0.08465998	0.13024318	0.09581271	0.06406861	
9	0.10037985	0.0535547	0.07260924	0.06788927	0.07743628	
10	0.05022118	0.057616692	0.139247	0.05022118	0.20565858	
11	0.056570217	0.023750711	0.24535233	0.2237233	0.12432342	
12	0.078515865	0.11065637	0.06366827	0.5588607	0.06694489	
13	0.17913318	0.10894203	0.10869733	0.17852506	0.03565095	
14	0.089381985	0.07829175	0.16676416	0	0.035862595	
15	0.18424486	0.17806982	0.08940311	0.044372134	0.072889	
16	0.11351645	0.19734146	0.06715834	0.0678337	0.058851715	
17	0.06839315	0.06495267	0.048128136	0.12711652	0.09622286	
18	0.25966066	0.10149518	0.11062279	0.14852057	0.10009585	
19	0.27053857	0.04462074	0.0586387	0	0.14318559	
20	0.27464777	0.23677479	0.14660648	0.13798186	0.3634173	
21	0.10140091	0.24153411	0.10224311	0.06403569	0.12596124	
22	0.1780098	0.068921596	0	0	0	
23	0.084076524	0.08018783	0.10839417	0.2170085	0.07988521	
24	0.077265	0.113073036	0.07448072	0.075252615	0.19066745	
25	0.060537882	0.11662278	0.1300911	0.15183635	0.11214342	
26	0.24947119	0.3482728	0.24105018	0.1651864	0.11533376	
27	0.10411858	0.0795928	0.052753862	0.07283009	0.08600702	
28	0.06392577	0.016554113	0.046557385	0.166892	0.04685319	
29	0.16269507	0.27441546	0.13921724	0.17673948	0.31150815	
30	0.052875046	0	0	0	0	
31	0.14396189	0.16618112	0.08794069	0.15223502	0.18402635	
32	0.14120495	0.15810083	0.09349474	0.051189005	0.05720684	
33	0.34042916	0.031068461	0.31589648	0.0951536	0.08165786	
34	0.12531959	0.10274532	0.1076851	0.024428222	0.10384546	
35	0.03880417	0.093503304	0.11475124	0.12899764	0.041264996	
36	0.33318582	0.1930415	0.09581125	0.08869356	0.33582217	
37	0.18885705	0.10070994	0.13177368	0.018501734	0.091954805	
38	0.14431544	0.14705394	0.07470019	0	0.13311613	
39	0	0.08797166	0.08314094	0.19535415	0.11976575	
40	0.10281387	0.11834664	0.07345375	0.07439288	0.06667479	
41	0.199467	0.14802709	0.027940467	0.22444554	0.05889909	
42	0.045073874	0.087572955	0.09242029	0.4241601	0.06628708	
43	0.09510422	0.085472696	0.13647045	0.122673295	0.042228933	
44	0.1092359	0.10586713	0.061318535	0.1175285	0.048606593	
45	0	0.09567454	0.123515904	0.107176855	0.06409746	
46	0.058190726	0.03827673	0.14238945	0.2040268	0.12476157	
47	0.16310166	0.12267433	0.044625957	0.09825625	0.040561397	
48	0.087002896	0.09790281	0.03257374	0.082634546	0.08832485	
49	0.03853774	0	0	0.14533721	0	
50	0.123246916	0.07946135	0.033865973	0.088374	0.19766101	
51	0.1044939	0.4030954	0.069241315	0.07340547	0.09279261	
52	0.16132791	0.029225312	0.1365206	0.22447689	0.04273454	
53	0.026183091	0.052503943	0.03561224	0.04391219	0.1038438	
54	0.03505795	0.091326155	0.21122296	0.31039435	0.1170349	
55	0.104780816	0.09583934	0.1471148	0.07253014	0.20157698	
56	0.2540465	0.24478872	0.14286585	0.048769422	0.08964944	
57	0.037330642	0.33552715	0.1651035	0.17323822	0.14405964	
58	0.12839656	0.24798878	0.1707822	0.36764723	0.17616037	
59	0.09546066	0.12672777	0.040069647	0.4083154	0.12459689	
60	0.13443053	0.3314836	0.28332615	0.17007819	0.09686902	
61	0.13264643	0.044232544	0.081682555	0.055103563	0.1550942	
62	0.047575798	0.26173759	0.10628893	0.219125	0.20723036	
63	0.15461896	0	0.12678097	0.062634505	0.050656766	
64	0.19567582	0.29573962	0.07892283	0.44784528	0.17130807	
65	0.12043581	0.34478715	0.30177146	0.091804594	0.1624176	
66	0.12725863	0.10369673	0.24450734	0.061861254	0.044703458	
67	0.29132295	0.08885358	0.08804271	0.121904254	0.1740803	
68	0.03933103	0.08252321	0.058985963	0.060515944	0.15611073	
69	0.29982567	0.07185267	0.07649498	0.04345931	0.016037831	
70	0	0.009628278	0.05402387	0	0.1178681	
71	0.13469861	0.16290776	0.08705756	0.038818493	0.12164353	
72	0.20318128	0.055673003	0.03683162	0.04118306	0.17311122	
73	0.037789226	0.039468966	0.108531676	0.055213187	0.039966285	
74	0	0.029159443	0.23747803	0	0	
75	0.09649241	0.23261458	0.067051895	0.21177293	0.10084171	
76	0.149293	0.11126983	0.0991339	0.22588442	0	
77	0.026890742	0.05147547	0.025628068	0.07311441	0.030764993	
78	0.32256076	0.06024276	0.086672984	0.08439902	0.28141165	
79	0.07606846	0.11408008	0.029854704	0.070566684	0.09985691	
80	0.100694574	0.15376495	0.09481614	0.12683178	0.109632984	
81	0.07301521	0.079639055	0.103124216	0.18961427	0.074774615	
82	0.109059565	0.10936959	0.07709393	0.11284922	0.07381548	
83	0.09905746	0.16524544	0.09130402	0.06800727	0.17050366	
84	0.15282361	0.15500592	0.011856538	0.061145164	0.09697308	
85	0.05199244	0.027782131	0.40886343	0.09657583	0.04106848	
86	0.15462978	0.209054	0.32424727	0.10021396	0.09227964	
87	0.1191155	0.07815948	0.07630561	0.19471426	0.07934625	
88	0.07918121	0.20500226	0.066543154	0.105088025	0.13834184	
89	0.1977375	0.15225826	0.19463184	0	0.36790508	
90	0.092435405	0.14474699	0.17590703	0.11465945	0.19393238	
91	0.10752042	0.10482267	0.505712	0.1177674	0.27721953	
92	0.09091889	0.05189205	0.04519161	0.06339992	0.03818359	
93	0.22009301	0.25734198	0.042116016	0.1819212	0.3039849	
94	0.15142538	0.11677203	0.1712103	0.08724515	0.13068408	
95	0.19643238	0.24149702	0.090329066	0.30192322	0.040871017	
96	0.13352236	0.08042124	0.08439355	0.13866822	0.05646634	
97	0.108787835	0.19462906	0.11774383	0.17879273	0.14554593	
98	0.07642108	0.17934696	0.066834144	0.04547053	0.07396738	
99	0.088715	0.11302539	0.07051999	0.0896515	0.109123394	
100	0.057311654	0.006916685	0.20599398	0.05508338	0.10305692	
101	0.06531012	0.06430821	0.19311434	0.21318117	0.017303716	
102	0.07664358	0.3482037	0.056795467	0.066222005	0.089755595	
103	0.039496783	0.14116322	0.06940288	0.048324175	0.15490885	
104	0.26713538	0.22847453	0.13930224	0.11204886	0.27434665	
105	0.123578355	0.21973833	0.08468958	0.11934854	0.103514925	
106	0.038604613	0.08641043	0.06456129	0.13221689	0.059728365	
107	0.06764808	0.19865984	0.09173311	0.06545342	0.04517264	
108	0.047943387	0.07134995	0.011487868	0	0.04648129	
109	0.15604685	0.08959687	0.12680829	0.30685696	0.09863337	
110	0.25448895	0.13997222	0.060690153	0.10202246	0.12992088	
111	0.24385332	0.23026752	0.09586387	0.058322504	0.25250036	
112	0.23651832	0.10592164	0.1526111	0.1265616	0.09008777	
113	0.07550716	0.112142906	0.087315366	0.14317884	0.024985451	
114	0.1822505	0.12765871	0.118237995	0.21200545	0.05351547	
115	0.16597432	0.097495794	0.051342607	0.17986827	0.22225495	
116	0.45910028	0.049553648	0.0863826	0.038000897	0.19952112	
117	0.33971667	0.06027965	0.09189822	0.07528953	0.16334006	
118	0.12837884	0.10297292	0.16234438	0.21884374	0.0592905	
119	0.19761789	0.19990918	0.5877559	0.18820928	0.122174814	
120	0	0.00035346797	0.17186576	0	0	
121	0.03701483	0.1163209	0.053714998	0.08025581	0.095096335	
122	0.12197307	0.10816385	0.0359607	0.06572634	0.06380239	
123	0.1807574	0.112597145	0.2469597	0.118723266	0.25963396	
124	0.18645877	0.017422898	0.22539705	0.027060878	0.05717908	
125	0.046306357	0.2813399	0.1189805	0.08368728	0.17626631	
126	0	0	0	0	0	
127	0.041108456	0.09428881	0.034652136	0	0.05099266	
128	0.13784264	0.07087257	0.18047924	0.28235534	0.2727943	
129	0.19069162	0.16093858	0.27221674	0.012937984	0.030676037	
130	0.07220491	0.19368105	0.18993966	0.03626237	0.16725488	
131	0	0.09949943	0.1127348	0.124506444	0.19171622	
132	0.37975466	0.021221032	0.15353887	0.05871573	0.12007211	
133	0.010925557	0.11132379	0.0015179607	0	0	
134	0.112741806	0.044593554	0.08609067	0.27443418	0.022764329	
135	0.1271215	0.15245631	0	0	0	
136	0.06595465	0.12936297	0.07608304	0.20578885	0.09280972	
137	0.06167692	0.09941459	0.19833218	0.36566114	0.3348406	
138	0.08557928	0.14193258	0.015030484	0.2615331	0.09155163	
139	0.1284894	0.12744108	0.16119182	0.2812228	0.0555418	
140	0.15434316	0.07881421	0.4337197	0.37241563	0.12526076	
141	0.19184911	0.21815114	0.08494683	0.08220172	0.15918317	
142	0.17280056	0.1544241	0.14030029	0.2842381	0.07576022	
143	0.07711195	0.19901614	0.11417123	0.1247981	0	
144	0.076260224	0.2349848	0.112408794	0.07771708	0.18714368	
145	0.047326937	0.047906842	0.082653634	0.08831332	0.055634286	
146	0.10364202	0.04593726	0.108418696	0.09497525	0.15237689	
147	0.0580113	0.11940928	0.13006724	0.01969035	0.26696035	
148	0.0590271	0.061394513	0.06312725	0.044612505	0.07002093	
149	0.15337314	0.15083589	0.07682372	0.14001344	0.06982968	
150	0	0.27135375	0.17756832	0.13434179	0.07855701	
151	0.05382411	0.072540574	0.06784806	0.15155894	0.07257944	
152	0.09809232	0.077815294	0.38102368	0.057476018	0	
153	0.10664972	0.15166079	0.09338763	0.085458145	0.06989951	
154	0.34758314	0.37012905	0.11173007	0.060959063	0.29159325	
155	0.024514692	0.013317949	0.099612705	0.20703338	0.08033534	
156	0.08661576	0.15276657	0.10635418	0.1465539	0.2717233	
157	0.030985154	0.05926982	0.36935827	0.053135816	0.11096507	
158	0.049452092	0.14912316	0.300437	0.06559492	0.110473625	
159	0.080982886	0.13513522	0.14538819	0.10840609	0.056988873	
160	0.06799831	0.2634912	0.04867342	0.2082893	0.10055035	
161	0.04499357	0.35660017	0.08062893	0.06204162	0.037084095	
162	0.1961389	0.06992908	0.067566805	0	0.034060612	
163	0.26035357	0.225573	0.23228145	0	0.25129002	
164	0.27374467	0.16275941	0.10339479	0.19619438	0.107833	
165	0.19514856	0.20653583	0.09798183	0.09679525	0.13837571	
166	0.2806541	0.06413312	0.063493446	0.06431633	0.052731946	
167	0.094513535	0.235619	0.14854772	0.28255403	0.22930299	
168	0.043199748	0.14151789	0.07925823	0.18371473	0.19614457	
169	0.04492579	0.32906112	0.14315587	0.48488328	0.06563191	
170	0.049790666	0.09686836	0.055311996	0.13272779	0.0882675	
171	0.14943688	0.10824385	0.24654306	0.072313	0.047012135	
172	0.153415	0.0925999	0.18886055	0.07863244	0.08678551	
173	0.03443626	0.15878999	0.14208752	0.31159088	0.03811447	
174	0.13336775	0.086306885	0.15179683	0	0.06315	
175	0.24890482	0.19528759	0.16009028	0.05932549	0.1377276	
176	0.16749841	0.17581677	0.16465737	0.25544697	0.4420704	
177	0.0033048382	0.041449025	0.010989319	0.032541793	0.18110813	
178	0.05031136	0.014508329	0	0.09169201	0.04560485	
179	0.09374027	0.030797983	0.08318635	0.06257015	0.28942263	
180	0.076940686	0.15741907	0.12496194	0.05216103	0.06658339	
181	0.254049	0.13482778	0.04378336	0.21866886	0.11451917	
182	0.116858855	0.094429426	0.06899447	0.18599658	0.06676981	
183	0.08404617	0.14820345	0.09399979	0.18609732	0.12290174	
184	0.07220044	0.053604655	0.0734509	0.03588451	0.06785014	
185	0.24962965	0.09364067	0.07898863	0.045127746	0.06231669	
186	0.08356093	0.3196302	0.19746736	0.18863903	0.03368283	
187	0.07783789	0.25150654	0.116471946	0.09068404	0.16840348	
188	0.13611028	0.092189826	0.09086815	0.12838115	0.012079216	
189	0.04410105	0.023043158	0.07020606	0.0118337255	0.032911353	
190	0.13339604	0.014548469	0.09490081	0.19530429	0.12657405	
191	0.08534351	0.0497666	0	0.098240785	0.32745057	
192	0.08701862	0.21876758	0.11465465	0.08653467	0.23053594	
193	0.18466164	0.13186373	0.15357202	0.10840634	0.1764757	
194	0.08239352	0.03694374	0.06470807	0.31011093	0.09647423	
195	0.06125136	0.15564689	0.15702057	0.049298532	0.024803942	
196	0.1289231	0.18096799	0.15853293	0.10245913	0.18214127	
197	0.15206267	0.18656036	0.08829278	0.17156187	0.12643391	
198	0.06741351	0.057582553	0.07387186	0.13550517	0.04261695	
199	0.03014305	0.06193755	0.05122416	0.033139527	0.0690425	
200	0.1573814	0.08229117	0.0755803	0.19820535	0.02608332	
201	0.08946376	0.20502687	0.18646134	0.083597906	0.0656797	
202	0.23572907	0.31467417	0.08780348	0.084969714	0.06771442	
203	0.025766108	0.06504277	0.05919786	0.20628509	0.09854849	
204	0.15870559	0	0.09078174	0.1378022	0.16098061	
205	0.04854896	0.03449734	0.120769255	0.10796432	0.049053017	
206	0.11218641	0.05280339	0	0.08413405	0	
207	0.28290427	0.16948342	0.07283332	0.04215757	0.15707177	
208	0.06831142	0.10984583	0.12035345	0.09077267	0.14462753	
209	0.11900147	0	0.030064996	0.026165366	0.39822733	
210	0.08788259	0.1455405	0.08788259	0.07615516	0.06644088	
211	0.04408489	0.07831373	0.056342144	0.2778028	0.13234705	
212	0.07612079	0.057485357	0.08303233	0.11389747	0.050478596	
213	0.037337825	0.15457536	0.20309027	0.46441415	0.069864355	
214	0.050308976	0.06908715	0.09101643	0.07009795	0.072974965	
215	0.15202606	0.09214105	0.0977296	0.16182067	0.049740776	
216	0.06281701	0.27213675	0.33167222	0.12198952	0.24667375	
217	0.14286742	0.21049437	0.14089938	0.06210401	0.15682222	
218	0.16646366	0.16263919	0.079063065	0.28672892	0.2004485	
219	0.062447455	0.093846306	0.27219436	0.08419556	0.012889478	
220	0.3571813	0.048449792	0.047110133	0.19058397	0.2284121	
221	0.034754623	0.08134029	0.055580482	0.1940249	0.08652283	
222	0.16916281	0.21359992	0.15932232	0.18266547	0.0783673	
223	0.17850514	0.24122411	0.19556248	0.15182143	0.12019077	
224	0.20833823	0.3677255	0.07329428	0.07991999	0	
225	0.16054605	0.36292115	0.13952747	0.2085557	0.1418639	
226	0.15944569	0.07087244	0.1234416	0.109702796	0.17173354	
227	0.21680935	0.037461553	0.042539317	0.06471196	0.027958522	
228	0.015693078	0.08902718	0.09256543	0.2782896	0.046378426	
229	0.042330205	0.25186726	0.088339336	0.124561526	0.06867204	
230	0.20759629	0.1074154	0.29410186	0.24795397	0.14789338	
231	0.037664864	0	0.045742743	0.027296688	0.064880505	
232	0.043258026	0.08907514	0.118581116	0.12563558	0.19362114	
233	0.20124695	0.17560011	0.070224635	0.06548316	0.092910245	
234	0	0.30408555	0.21193787	0.09401844	0.099088274	
235	0.035133265	0.06713473	0.10607121	0.085028924	0.0663805	
236	0.056580793	0.046910618	0.05938974	0.044626	0.19941291	
237	0.1266081	0.20118211	0.20492011	0.07309636	0.06684299	
238	0.1857941	0.053640973	0.15337195	0.05171183	0.05806138	
239	0.10685871	0.16798104	0.14995037	0.1101693	0.24061918	
240	0.09102487	0.18236761	0.08174121	0.108242095	0.15741014	
241	0.100482725	0.060683697	0.098408744	0.08109054	0.13912833	
242	0.13734728	0.05022397	0.17938428	0.10178324	0.07309222	
243	0.18684879	0.32409927	0.20186648	0.24523817	0.24523817	
244	0.10608569	0.1698944	0.088045165	0.18011786	0.09280606	
245	0.05205719	0.07822501	0.018933013	0.02164743	0.07924515	
246	0.03436214	0	0.0633797	0.04042194	0.053394854	
247	0.051077466	0.07737471	0.009855447	0.04730769	0.112378865	
248	0.20804103	0.07614604	0.10835442	0.15342218	0.10242697	
249	0.20151214	0.106118545	0.050139688	0.38014945	0.05436728	
250	0.1441859	0.094664134	0.14236006	0.065508425	0.22102304	
251	0.09573491	0.0765307	0.09557187	0.10239108	0.07949127	
252	0.01996391	0.08375584	0.07802262	0.14288552	0.08360705	
253	0.03726797	0.4147612	0.089096166	0.0903926	0.2297628	
254	0.12944284	0.08611048	0.26824492	0.056723185	0.06563741	
255	0.24277465	0.091233425	0.06544152	0.10210798	0.28302535	
256	0.07439842	0.11744722	0	0.05678567	0.08098122	
257	0.12768854	0.03825788	0.036289267	0.12961796	0.15413037	
258	0.08114458	0.06286281	0.18981814	0.059227947	0.06547396	
259	0.13593033	0.08488417	0.11971714	0.10530733	0.08569815	
260	0.049128532	0.10366782	0.12599939	0.0477604	0.090526536	
261	0.025943946	0.017440155	0	0.116709255	0.045298137	
262	0.15337273	0.10317901	0.07453414	0.106985085	0.14467904	
263	0.1436302	0.06427807	0.20856218	0.21120687	0.21413267	
264	0.06634334	0.21731	0.17807089	0.1929166	0.24211074	
265	0.0327319	0.18200894	0.09954755	0.09136883	0.114641525	
266	0.19984984	0.021478087	0.12303561	0.064449176	0.20172994	
267	0.05090739	0.21695624	0.11198738	0.05097502	0.09816446	
268	0.08557818	0.11761526	0.10168586	0.12837264	0	
269	0.04939483	0.10983257	0.081147894	0.14568317	0.16559213	
270	0.055076085	0.060592227	0.047910772	0.14526458	0.07584191	
271	0.080628164	0.06961207	0.18155825	0.1771117	0	
272	0.076508075	0.06776127	0.08256728	0.09808801	0.09169447	
273	0.24272771	0.18554991	0.282502	0.017456751	0.056464456	
274	0.054826785	0	0.20514093	0.111351274	0.09712192	
275	0.035327617	0.041283846	0.1321123	0.07707033	0.25601918	
276	0.0315324	0.1257217	0.1457539	0.1534016	0.12460109	
277	0.08690186	0.06892314	0.111731365	0.072215945	0.08938897	
278	0.1399499	0.2181421	0.11945411	0.12789372	0.20458965	
279	0.053457152	0.09082024	0.10464971	0.12738341	0.054971457	
280	0.10366011	0.22782122	0.103479356	0.38365367	0.07297635	
281	0.10602356	0.057002723	0.022482418	0.21702746	0.28797886	
282	0.114272825	0.036385812	0.06326572	0.16843584	0.07074102	
283	0.07418359	0.20485443	0.09984984	0.14134803	0.08680507	
284	0.13028832	0.13324757	0.02813268	0.18537363	0.09717129	
285	0	0.09146845	0.17745608	0.049028542	0.11600089	
286	0.22463512	0.093646586	0.08103669	0.20695202	0.05068334	
287	0.04860388	0.119732834	0.12840146	0.18425691	0.15492098	
288	0.13995941	0.14347516	0.2657147	0.07561044	0.07010574	
289	0.09152682	0.18809922	0.1958543	0.11576755	0.13778676	
290	0.16852057	0.041649595	0.11077793	0.04567389	0.19649476	
291	0.114298075	0.15168601	0.23551174	0.11849392	0.07079011	
292	0.1811154	0.28137723	0.061598647	0.1799643	0.19798356	
293	0.044810943	0.057989914	0.055466525	0.049869332	0.16858545	
294	0.051823586	0.061360482	0.055182666	0.20023182	0.12923785	
295	0.09743643	0.14079191	0.16508287	0.106626466	0.0987156	
296	0.13609463	0.029382005	0.037157495	0.03669444	0.1808147	
297	0.09443955	0.19246191	0.052977268	0.17561066	0.11691873	
298	0.082338706	0.15603614	0.11241475	0.40074924	0.06213275	
299	0	0.14585422	0.04454473	0.02496215	0.072291344	
300	0.070797935	0.07542499	0.08964728	0.059120607	0.09874525	
301	0.100402474	0.07133334	0.05423075	0.073647514	0.06196041	
302	0.10883953	0.23625761	0.12087041	0.21483766	0.058919355	
303	0.25036472	0.16632946	0.09357617	0.39766648	0.119415715	
304	0.022561217	0.26107863	0.0673626	0.0732095	0.040806446	
305	0.06861326	0.08848437	0.040499702	0.037157316	0.1450858	
306	0.07330581	0.14985837	0.16642159	0.09747364	0.014388123	
307	0.07957203	0.23756815	0.08340926	0.1684119	0.17948428	
308	0.19005178	0.12369073	0.084803514	0.07907121	0.20703411	
309	0.027548833	0.10282099	0.056559794	0.060067177	0	
310	0.26576167	0.11249852	0.06703189	0.09504001	0.076800756	
311	0.063538484	0.036346585	0.09172436	0.37831104	0.083498076	
312	0.14557403	0.019812576	0.051821906	0.08294457	0.050700296	
313	0.055526372	0.1065757	0.08883797	0.0668244	0.06243981	
314	0.0119656585	0	0.027038433	0.062160917	0.119561285	
315	0.017127953	0.04109673	0.084108524	0.10462436	0.03190771	
316	0	0	0.08858481	0	0	
317	0.15405783	0.05796902	0.17091982	0.08720253	0.19486846	
318	0.180792	0.2496802	0.027544035	0	0.029789327	
319	0.05382009	0.07393613	0.15186006	0.10092128	0.179602	
320	0.23333414	0.040994827	0.10241848	0.17670745	0.03775846	
321	0.052848574	0.12225908	0.075348884	0.052026816	0.1530351	
322	0.06675079	0.08595344	0.07445151	0.42040017	0.04259617	
323	0.06572475	0.07004089	0.28779152	0.05604823	0.05711927	
324	0.13774128	0.15829036	0.08086525	0	0.110164694	
325	0.043844447	0.30354548	0.06842208	0.0474863	0.043565862	
326	0.11480956	0.20951678	0.10052988	0.18315268	0.09020582	
327	0.112931944	0.049025122	0.087582	0.032881234	0.046332352	
328	0.13799304	0.18538627	0.24297194	0.08159018	0.121120304	
329	0.18594229	0.06562802	0.2187202	0.19907624	0.14385052	
330	0.097380325	0.11080085	0.040053766	0.078448996	0.12504159	
331	0.04396756	0.021227812	0.12231167	0.04703215	0.06582321	
332	0.08237526	0.12698197	0.12964094	0.23525332	0.11135586	
333	0.058920793	0.08483545	0.091952324	0.049410902	0.07356273	
334	0	0.060425468	0.06083564	0.0579816	0.043595817	
335	0.14260806	0.064778306	0.013821665	0.06562357	0.01969402	
336	0.024575435	0.3146025	0.21504469	0.070743576	0.29313543	
337	0.13509187	0.028182501	0.10408375	0.21367058	0.13990211	
338	0.1861172	0.07265053	0.18235375	0.073685825	0.10932818	
339	0.23743877	0.073983006	0.033368193	0.09123888	0.2221642	
340	0.17183396	0.09576238	0.08849777	0.068554915	0.24515274	
341	0.064955175	0.048424687	0.07994772	0.06508182	0.057249147	
342	0.09725594	0.1385511	0.0651102	0.11423054	0.12005744	
343	0.3951379	0.20451972	0.11850561	0.042119686	0.3066383	
344	0	0	0	0	0.048514932	
345	0.052680444	0.16530557	0	0.020588601	0.07253803	
346	0.06738355	0.09812531	0.30738157	0.11415468	0.09213448	
347	0.3737885	0.21158484	0.17996311	0.09274944	0.08597067	
348	0.13217624	0.39593115	0.13217598	0.0995176	0.31841826	
349	0.077042334	0.1769669	0.033897154	0.12944598	0.11299259	
350	0.1237033	0.0566079	0.1039181	0.061669808	0.057452645	
351	0.1041779	0.08208333	0.040070284	0.08589986	0.08294974	
352	0.08376582	0	0.3924859	0.073033065	0.22772287	
353	0.081249885	0.05596453	0.05746067	0.07257745	0.0632188	
354	0.043161195	0.07190174	0.07391308	0.069626346	0.16626854	
355	0.27201292	0.078686595	0.0789462	0.15617393	0.046485234	
356	0.058707364	0.13673636	0.04800865	0.17976747	0.18328369	
357	0.15504508	0.36060712	0.14165293	0.20577654	0.058871213	
358	0.09034103	0.071592964	0.06524092	0.03049989	0.05494023	
359	0.19183049	0.068531506	0.091342136	0.074481726	0.05364385	
360	0.012604881	0.09043654	0.09979342	0.21757242	0.05818796	
361	0.07075784	0.058204442	0.11453063	0.1108221	0.08690344	
362	0.14991964	0.08629178	0.070023306	0.048367776	0.18734701	
363	0.026622526	0.092868336	0.098884314	0.06321683	0	
364	0.10977748	0.060615987	0.08031202	0.04521769	0.033874363	
365	0.0752759	0.07052753	0.08051466	0.07179624	0.04683003	
366	0.033001546	0.06257944	0.2375054	0.0490402	0.10301516	
367	0.03429115	0.09597023	0.020419465	0.2782487	0.04345544	
368	0.3269408	0.25872073	0.06660818	0.09751593	0.118066475	
369	0.3572009	0.07374999	0.080689356	0.17594081	0.073901296	
370	0.050008256	0.046068154	0.051528726	0.13973345	0.07399497	
371	0.053497978	0.035756297	0.04775109	0.20946552	0.040510815	
372	0.15004055	0.17100866	0.11631875	0.30302987	0.065467425	
373	0.10489258	0.11750353	0.28896707	0.032884233	0.31618994	
374	0.12129751	0.06922782	0.07552308	0.27240092	0.07286866	
375	0.10095838	0.079067774	0.2332582	0.10306725	0.22343326	
376	0.068294406	0.037398666	0.053352002	0.1494856	0.102953196	
377	0.20584981	0.18815543	0.09239511	0.23430109	0.17378336	
378	0.116259076	0.014640122	0.111328915	0.031217063	0.045372806	
379	0.09838577	0.11347289	0.19413538	0.058119327	0.07685082	
380	0.09975433	0.32668912	0.07337684	0.09788591	0.036338296	
381	0.2163387	0.04649439	0.1327486	0.046190638	0.10263038	
382	0.095781796	0.06287052	0.09053165	0.24027623	0.11485666	
383	0.20988707	0.04752937	0.05844069	0.08903742	0.113407366	
384	0.11053763	0.15353079	0.22839323	0.12493298	0.29737478	
385	0.08476058	0.10122884	0.093845695	0.13536704	0.0829849	
386	0.19339919	0.05742053	0.03886911	0.04489578	0.27415368	
387	0.30161142	0.065298036	0.09130019	0.13011275	0.20460701	
388	0.1441321	0.23299462	0.11091699	0.10699017	0.13146108	
389	0.04976447	0.062141754	0.08634831	0.1639931	0.057122324	
390	0.121503346	0.08511259	0.15948355	0.058605302	0.08939991	
391	0.10775846	0.06790372	0.25653213	0.1757673	0.2079511	
392	0.33455607	0.024048246	0.21359271	0.113058425	0.096602894	
393	0.14855015	0.25251403	0.06985756	0.048536304	0.37345406	
394	0.16236097	0.10999527	0.109297544	0.10669712	0.04790534	
395	0.06912463	0.13884535	0.50643104	0.2785313	0.07015917	
396	0.09152368	0.26728836	0.18466921	0.02268479	0.1566264	
397	0.4506953	0.13579361	0.23109457	0.123171926	0.2831782	
398	0.13797326	0.0774853	0.035742644	0.17223911	0.11551651	
399	0.16192254	0.10786506	0.05616988	0.09523316	0.06886665	
400	0.1600219	0.059400227	0.10452449	0.12176152	0.055301588	
401	0.22582333	0.19380002	0.0787074	0.14138587	0.06462857	
402	0.069122195	0.0671958	0.111143015	0	0.12697068	
403	0	0.12752852	0.052175067	0.019796968	0.28486252	
404	0.14496084	0.07901428	0.04566721	0.0678909	0.0794191	
405	0.11910163	0.13315679	0.11156532	0.17861238	0.23369527	
406	0.16430238	0.15049487	0.17638572	0.09872936	0.12168468	
407	0.12450431	0.050161492	0.060576428	0.19471812	0.24449266	
408	0.25028136	0.040575467	0.13941482	0.013069167	0.4027109	
409	0.25150225	0.16537496	0.15515698	0.07008021	0.115327485	
410	0.056292865	0.18987194	0.088002816	0.44484243	0.037909593	
411	0.01963912	0.12680142	0.28572094	0.048433583	0.057076592	
412	0.0704759	0.06677478	0	0.014225843	0.057396676	
413	0	0.03511326	0.017731862	0.10250651	0.17571482	
414	0.21178547	0.15158103	0.0844382	0.08128124	0.15171969	
415	0.11433506	0.13037084	0.27789354	0	0.069811486	
416	0.06171242	0.031480905	0.08679764	0.056125965	0.20560497	
417	0.13755691	0.07248969	0.12117798	0.33482796	0.0783904	
418	0.0863622	0.33417556	0.11769473	0.07217127	0.049059093	
419	0.10465655	0.1187735	0.16438992	0.07934935	0.060376253	
420	0.080789514	0.055008173	0.17306784	0.11442963	0.10460072	
421	0.09390978	0.062429387	0.08149094	0.11162264	0.059099395	
422	0.18379264	0.118147545	0.059266996	0.12799367	0.14472179	
423	0.18297943	0.4010564	0.13475718	0.100647055	0.53409576	
424	0.066372775	0.057852868	0.08379197	0.14491767	0.054297496	
425	0.09652875	0.077416785	0.09659931	0.057421837	0.11690835	
426	0.036813535	0.18914767	0.081992865	0.08193125	0.15308881	
427	0.12656075	0.1477481	0.07301635	0.1366066	0.23604344	
428	0.029405696	0.4696193	0.0524111	0.11347478	0.101571016	
429	0.2000991	0.058201224	0	0	0.1501216	
430	0.082858175	0.11544296	0.14564075	0.42654863	0.19333933	
431	0.11340996	0.31258392	0.16779916	0.31339115	0.16410829	
432	0	0.097381145	0.055031262	0.23017325	0.015449956	
433	0.18049632	0.07321178	0.040853456	0.063301936	0.025138246	
434	0.23822506	0.23669356	0.064066	0.08841905	0.16637918	
435	0.074174926	0.1816563	0.12922691	0.148074	0.08537482	
436	0.10091294	0.054454077	0.07347565	0.054245844	0.030473487	
437	0.28317788	0.052171092	0.07558097	0.12527005	0.18398115	
438	0.030300079	0.027758108	0.42492092	0.047309466	0.08228644	
439	0.11583041	0.08016184	0.16374567	0.15850821	0.052359737	
440	0.19676031	0.07084146	0.12060212	0.01733042	0.2073851	
441	0	0.060301714	0.05040871	0.042271644	0.20105477	
442	0.33782175	0.09665227	0.20788908	0.17197159	0.07930821	
443	0.15422805	0.013647246	0.09641829	0.04468655	0.045984544	
444	0.082166545	0.17905413	0.13758986	0.1698737	0.21942611	
445	0.07075244	0.16694334	0.034326687	0.04560594	0	
446	0.12802736	0.026593383	0.0768374	0.12755004	0.023363275	
447	0.3140944	0.1131805	0.18181284	0.2898498	0.1311817	
448	0.06288371	0.09833882	0.04922925	0.31924015	0.21774752	
449	0.016850287	0	0.22977225	0	0.13040054	
450	0.092283756	0.06813079	0.06522423	0.1514396	0.031451873	
451	0.07266065	0.10615384	0.06839787	0.09451151	0.23427008	
452	0.12822494	0.15478826	0.096277684	0.23736541	0.09017426	
453	0.057081457	0.07032796	0.16945174	0.1882611	0.045170486	
454	0.08411664	0.16756515	0.043840658	0.08449209	0.070674814	
455	0.11180551	0.043848056	0.11073108	0.011687709	0.14913327	
456	0.19654146	0.18157198	0.033725116	0.10948824	0.041953232	
457	0.041241933	0.13141964	0.058674056	0.029929567	0.29963252	
458	0.082116656	0.01696636	0.04336861	0.035042714	0.04750526	
459	0.08853648	0.14422682	0.07934886	0.10530126	0.05551967	
460	0.08102107	0.28006795	0.13613857	0.19064005	0.085404366	
461	0.11173293	0.23583725	0.0667421	0.054970317	0.08319007	
462	0.088731006	0.20806696	0.0407802	0.08053449	0.04794436	
463	0.077563055	0.08831382	0.07521832	0.056265593	0.04795204	
464	0.10766596	0.07240776	0.09058951	0	0.21138798	
465	0.23161298	0.1604464	0.10198834	0.059318952	0.35770288	
466	0.07667047	0.103204794	0.095058694	0.2557689	0.076625995	
467	0.05419485	0.065997556	0.1300626	0.06442963	0.03681441	
468	0.03850715	0.05994472	0	0.21654113	0.14564568	
469	0.079123944	0.20536916	0.061613735	0.25597256	0.045801993	
470	0.08258837	0.15912718	0.07894116	0.07996602	0.08580169	
471	0.3086791	0.13650697	0.14584881	0.11676373	0.10140592	
472	0.15487121	0.086312234	0.08639672	0.12347653	0.19764312	
473	0.18898128	0.06258694	0.049025137	0.29296616	0.06549976	
474	0.11613869	0.18713504	0.23650818	0.2703254	0.18317086	
475	0.060059823	0.24917386	0.12844336	0.3494927	0.3226234	
476	0.10878416	0.07553933	0.0668546	0.08715812	0.07934062	
477	0.082051076	0.11965961	0.1932761	0.04443879	0.11936901	
478	0.06100578	0.08724323	0.04809274	0.121148705	0.07349196	
479	0.13423693	0.2074053	0.188805	0.0609718	0.08085216	
480	0.053015325	0.069024086	0.09040458	0.12397142	0.16392262	
481	0.10411123	0.27104917	0.10244062	0.06817252	0.051492352	
482	0.01988521	0.02673906	0.04495741	0.057468437	0	
483	0.09686827	0.23836596	0.084319115	0.08683374	0.055703677	
484	0.09403033	0.18536536	0.063662596	0	0.1027	
485	0.3022961	0.0497842	0	0.23838075	0.2202801	
486	0.094076045	0.19404161	0.07650475	0.19896625	0.120654695	
487	0	0.061375704	0.08298735	0.15691951	0.07793801	
488	0.03394715	0.039412674	0.08169087	0.11447756	0.28561854	
489	0.09411847	0.115097895	0.21213928	0.4656992	0.1483526	
490	0.09469784	0.036308385	0.17173031	0.1280196	0.058891375	
491	0.115490824	0.03882271	0.37263143	0.097184494	0.07424606	
492	0.16708167	0.09916361	0.048450414	0.08386286	0.10061024	
493	0.116148174	0.08530752	0.25787723	0.17525852	0.07524781	
494	0.22127073	0.112256035	0.07461153	0.1492845	0.3245947	
495	0.1886894	0.18539454	0.1414548	0.17342535	0.17632286	
496	0	0.039825164	0.05316841	0.06749257	0.04909724	
497	0.02910402	0.07593949	0	0.05646844	0.12864926	
498	0.11788345	0.038450092	0.0705698	0.1848353	0.16551241	
499	0.066006556	0.05430073	0.2811633	0	0.049563084	
500	0.082911775	0.081918485	0.058797296	0.17157924	0.11063373	
501	0.23214698	0.08134204	0.18560034	0.17783731	0.10539767	
