1	1.23554104336	-0.347405182846	1.37747216117	1.44596154532	1.26253136976	
2	2.7428245248	1.832639361	0.0	0.7815369038	0.63690367522	
3	0.446114172424	1.06318197622	0.612240472401	1.75213203733	2.69807276697	
4	1.14596898801	1.46647606791	1.31292118201	1.18597710603	1.54010579292	
5	2.07279796906	2.45680108165	0.535563763209	0.0	1.94246206125	
6	-0.151683481698	0.0	0.0	2.17818457385	1.47994119293	
7	2.28167898477	0.325607272979	1.79291144582	3.08241829542	2.35059317012	
8	1.45624821703	1.35894740184	0.0	0.800929355766	0.0	
9	0.458853416848	1.55729945314	1.94638150807	2.96125609763	1.07510571339	
10	1.70071272339	1.23695526241	0.883680885142	1.41930652982	0.669219450354	
11	2.55328863533	2.97914419743	3.40156644604	1.51521754043	2.8520457484	
12	1.4480125085	1.28821356424	1.0173595733	1.30413066573	0.860958417783	
13	0.674408324007	0.945064607529	0.36245539259	0.790907232537	0.809169902216	
14	3.79508543513	4.23313934781	2.69177294893	3.95491202149	3.98159012311	
15	1.36333608374	1.30802362069	1.76234056934	0.965013091947	1.83611135637	
16	1.90876762928	2.31682862627	1.26616037131	0.574736108774	0.51094644696	
17	2.19079270795	3.03997219288	3.13837574546	2.59910049392	1.49064861076	
18	3.39296488233	0.995821965903	3.30330073436	2.66415510643	2.54809953231	
19	1.50980010809	1.93320234873	1.99816113546	2.73280598856	0.0	
20	2.66290884093	1.87114912929	1.86702125236	1.15937914072	0.910113560282	
21	1.52922897817	2.4863913161	1.05105401457	1.24804553128	1.82223175054	
22	2.25765498847	2.17674935223	2.15367160516	1.63857023239	0.0	
23	1.38434136396	1.18231377518	1.867892179	1.76690329958	1.84634908277	
24	1.02129545213	1.35624216027	0.982290485506	0.486560351273	1.21352888249	
25	2.5177275749	1.47722750676	0.914544954723	1.16467508069	2.36426915717	
26	3.36306501222	2.02402228553	2.29965594322	3.1735730589	1.47766807019	
27	2.61519162082	1.49484597375	1.33471162917	1.91803519005	-0.53892812125	
28	2.07475612174	1.42911383385	2.22211831886	1.66369661547	1.65782251585	
29	0.0	0.0	3.33820549171	0.0	0.0	
30	0.935712250117	0.913218620743	0.865831008772	0.92632076232	0.848468959094	
31	1.95211711599	1.49725453789	2.93492811716	1.8153408	2.67147285403	
32	1.67507233753	0.490161014117	1.23936784784	1.37793064405	0.134231502796	
33	3.64080209782	2.30053539122	4.01789562585	2.57380188889	2.56517572654	
34	1.3252372178	1.48505760926	0.436725448542	1.06776541562	1.49964947577	
35	1.43373247003	2.51678829621	1.0828972008	1.69936556991	1.24409687327	
36	1.34430209103	2.20848499997	0.998657450603	1.57830242318	2.09545696933	
37	2.51297694005	2.34506795621	1.64434623217	2.24336538531	2.54390832004	
38	0.803711987562	1.00547971789	1.32277708117	1.18438839029	1.04273802093	
39	0.0	1.9071641476	2.46227137137	2.47362794687	2.05369067167	
40	1.08899292274	0.384282800681	0.77809845829	0.505561116357	0.257454684667	
41	2.90666747592	2.4910179248	2.23474652647	2.53421426974	2.5011064638	
42	1.58411614338	0.956922917245	2.04209113786	-0.441481927011	0.959939580394	
43	2.04319094411	2.43055136241	1.45982853679	2.35935557692	0.565097131966	
44	1.18438047876	3.20714365723	2.6399227553	2.70346279784	0.849459987362	
45	0.0	0.0	0.0	2.05497143819	0.0	
46	0.847961789137	0.771304587321	1.45848941574	0.0	1.242155504	
47	2.90944597605	2.64363864584	0.608566375184	1.70285550492	1.2134938452	
48	2.48720530253	1.45980881946	2.32414401021	2.01512102437	2.44763653337	
49	0.811835364303	0.152257470201	0.589974508323	0.662451080082	1.01023386585	
50	0.642838388537	0.939932340211	0.599641720394	0.56570881093	1.19797379063	
51	1.56046562568	1.60463956707	1.49631914711	1.00910297045	1.55895639047	
52	-0.978024949344	2.49532201113	3.91879039335	2.9122352782	2.37657167705	
53	0.28922030412	0.290815107402	0.513789540002	0.328388883422	0.573533811144	
54	0.968788085127	1.45496964088	1.87637339462	1.71968867569	1.83344109254	
55	1.0369676293	1.40946988283	0.839073809584	0.786540830965	1.24550252584	
56	0.70586124247	1.65262700281	0.120565376482	0.808972692283	1.15114560838	
57	1.96168494551	3.27452502824	3.10624982225	2.16860912375	2.77100878445	
58	2.45542047422	4.17877287699	4.15036417008	1.00523178988	2.85440064802	
59	1.87194512847	1.19347766194	1.43831511927	1.97426813862	0.228147492113	
60	2.12299445517	2.19131736541	4.8129845762	2.69169026175	4.5969958761	
61	0.645723737675	0.451812671844	0.163920136366	0.477650660405	0.542276621254	
62	1.79332139952	3.32849305606	2.39965495335	3.59162635448	2.13724380961	
63	2.30249118213	0.897943202965	0.669703517202	1.03819189872	1.28253925571	
64	2.07196505092	1.83588817548	1.53930955335	2.69776327732	1.99367226729	
65	0.450272681843	1.17646552664	0.685100688773	0.0	0.959000142616	
66	0.941282653198	0.0	0.0	0.0	1.44784400053	
67	3.27546885495	2.93083022712	1.85236494461	1.53342262851	1.25041688591	
68	1.02392023733	2.07591855529	1.68225683493	2.00067449121	1.69915035047	
69	1.96895066418	1.64861082794	1.11569598969	0.58397070697	1.19100957519	
70	0.967742348431	0.828396518144	0.0	0.450892240945	0.614965136148	
71	1.3303714802	0.902739332509	0.627596951511	0.628482460645	0.560590753915	
72	0.889230189074	1.27995353793	0.191471384047	0.31797163017	0.678136052725	
73	0.920152547503	1.98878167848	0.855402199324	0.741766510685	1.59229196605	
74	1.9391599563	2.23257252552	2.61030604858	1.8537678216	2.10326745295	
75	0.98477942987	2.20851679882	1.14630928055	2.66565841236	1.43411748683	
76	2.10500518791	1.98287316645	0.698498925808	1.15854286182	0.0	
77	0.0	0.556087573264	0.866045304734	0.792632884256	0.0	
78	1.56667914301	1.6214614266	0.84858699218	1.7112875879	1.30419790521	
79	1.93346688779	2.22782281001	1.51341600329	1.54706176865	1.80284293353	
80	0.456878957618	1.06147218355	0.766921350066	2.28630369509	1.6471469447	
81	0.0	1.56990402334	0.0	1.11355171875	0.0	
82	1.58822952166	2.32868925483	2.25642559917	0.935851506099	2.77651528211	
83	2.47219735424	2.91321726238	0.823242555421	1.10569522099	1.82589803222	
84	4.2822962794	2.88584337081	3.99010543081	2.4386302024	2.04090657455	
85	0.0	0.0	1.08587789201	0.0	0.978636866709	
86	3.26580763556	2.66089942285	3.24787010297	3.32737247822	3.47824340275	
87	1.19363809901	1.71823550292	1.590332922	2.59511876178	2.56022385298	
88	1.78373951059	2.45144138927	1.69858994386	1.7434371125	1.98139608134	
89	1.53900937445	1.19548646399	1.06605942442	0.483486692973	2.18262417254	
90	3.08061338732	2.03162009136	1.97187436581	2.35851772377	2.20936530621	
91	3.42951820605	3.26189337243	1.90410021431	3.96384645242	2.80273983543	
92	2.57532976407	3.50218380184	1.53208564345	2.90549288744	2.87637658059	
93	1.40965919121	1.18584598604	1.73241726455	1.72158427414	1.9500092903	
94	2.02437321253	0.722030450623	1.21605969558	1.1248099735	1.33753605871	
95	0.506923348633	1.02415007024	0.796426754061	0.427777331019	0.92145898853	
96	1.70930326035	0.504270948793	2.34484604339	1.17625591528	0.926998690225	
97	2.85463823833	3.02634113989	2.13794927923	3.65085739221	2.3021974278	
98	1.01470962007	-0.511193219781	0.605792101521	0.630972269459	0.99461145171	
99	0.538422226083	0.634336901939	0.818992011734	0.380441590447	0.274228103541	
100	0.491043345677	1.01853782255	1.55942399408	1.54078216417	1.18718246568	
101	1.19744815965	1.03646554501	0.770314388987	0.395543690759	1.02756211991	
102	0.36569492382	0.257849512916	0.447590198974	0.485990339429	0.527430521301	
103	0.385448315092	0.328113848532	0.175226790214	0.181936429087	0.364612109947	
104	3.97355416796	3.31448661979	4.39738534517	3.45294233111	4.4770516684	
105	1.76145855929	2.6328549664	2.60029609983	2.69133597261	1.79144208229	
106	3.30441601114	2.32358497762	2.73613675325	2.92792215012	2.08366476898	
107	1.87253888837	2.32201455976	1.59087278298	1.99501266277	1.83177303742	
108	0.448845411411	0.352820609019	0.35383581759	0.0	0.494032899727	
109	1.93075093164	2.12852173588	2.28924279348	3.10130651596	2.86733154703	
110	2.75548993363	2.00773813054	1.31230740121	0.838952154968	1.8415203274	
111	1.35843775369	1.62478674314	1.22483208116	2.01327029208	1.84487693242	
112	3.3902613766	2.94152176589	3.57466884358	1.788242575	-0.481480724058	
113	0.478050586089	0.0	0.0	0.0	1.32511118541	
114	1.97396483284	1.17726367461	0.625078383875	1.06285715997	1.91869401857	
115	3.05976639519	2.667815027	2.17534664207	2.06034877209	2.52210588369	
116	1.14852236805	0.844183138272	1.64316728872	1.11671533351	3.30885574415	
117	1.92280345108	0.720806441246	2.36448137634	1.97431476769	2.24905469306	
118	2.07033359806	2.24146888861	2.32901484989	1.972863155	3.60448669681	
119	1.6744209523	0.562956683768	2.19882599182	1.04612500613	1.32030624054	
120	1.23554104336	-0.347405182846	1.37747216117	1.44596154532	1.26253136976	
121	0.655129890853	1.30730506434	1.66470266851	1.85641583509	1.08056289745	
122	1.68021484958	1.68122634522	2.29700068881	1.27433086758	2.16984859737	
123	0.458717369047	0.0	1.11530272222	0.675048904653	0.0	
124	0.3139382344	0.624083386188	0.305379028418	0.645262761825	0.753068768148	
125	0.98035807933	0.0	0.0	0.0	0.0	
126	1.74891949681	0.881313363457	1.46380006066	0.822189409984	1.2583018866	
127	0.867927430725	1.88567890933	1.59993210245	1.1715517384	0.994117960556	
128	0.74887035864	2.31102471325	2.10705661087	2.16711917608	2.04527884236	
129	0.500133000031	0.771112271908	2.0025701663	0.19489479535	1.19139491031	
130	2.63234345054	2.92818722179	1.88310044297	0.805425451068	2.08401644127	
131	1.77811060305	1.18814326381	3.69471990341	2.61108281195	2.02075318168	
132	0.497051081467	1.92656809333	0.168128098688	1.24150935648	1.61729916577	
133	0.763212264144	0.846965273577	0.603658526948	0.748047712884	0.41208740752	
134	2.2601302848	2.12372914342	2.53331783692	2.68867031974	2.61089705767	
135	1.04056999857	1.25656889699	1.36443532128	1.8857580192	1.0982456702	
136	3.19274942086	3.37173241091	3.03998021417	2.10065572235	2.09838432429	
137	1.32011276534	0.786965882689	0.745282546771	1.27531129014	1.34152856065	
138	2.12611183007	1.1348841815	1.55885142094	1.65932283447	1.11980907158	
139	0.543742924921	0.553777834741	2.39924871018	2.88156222206	2.68422503661	
140	3.73100306107	4.96247574446	4.55379314058	3.80095859376	3.27670167266	
141	3.98731392571	1.38369469405	1.76333256927	1.42731737375	1.6710643183	
142	0.607609726743	1.75107243134	1.16733907937	1.11442567951	1.05175012318	
143	2.49446598011	0.0	0.970889452767	0.0	0.0	
144	2.33394663752	1.20066067901	1.34077897415	0.398432874565	1.72814242117	
145	0.0	0.0	0.519294375353	1.36260453997	0.0	
146	0.735800083267	0.0	1.16924154194	0.0	0.563402756522	
147	1.06334546151	1.81861463028	1.81403804163	3.19748682278	2.54645579268	
148	1.77830326257	0.562196119202	1.04999968323	0.626909854694	1.29844593888	
149	1.26434209841	1.51670999967	1.70507708524	1.55420281377	2.00571712317	
150	2.89655509711	1.75243868293	2.67544081815	2.39362760243	-0.355126338477	
151	1.91750807728	0.0	0.634312761821	0.0	-0.530882509344	
152	0.0	0.0	2.02526256619	0.0	0.0	
153	1.92896485426	2.53478509868	1.29952077637	2.32846064011	3.12905048628	
154	0.575828846242	1.31344918727	0.0	0.0	1.32738730923	
155	3.62552091474	1.0843054213	1.89098434184	2.19050962235	1.58058996416	
156	0.563679726773	1.10740678339	1.6796805724	2.66362565636	4.21148842748	
157	2.0513519017	1.4171466633	2.12166311588	0.469199169783	0.915061172981	
158	2.06048787148	2.81130578643	1.71999933713	0.684873659523	2.53801848549	
159	0.13617320414	2.52958017221	2.07515740179	1.75982068828	2.09235536727	
160	1.1062864927	1.5720353797	1.29863569789	1.78937450816	0.142713760081	
161	2.27237599246	0.0	0.0	0.0	2.17213350527	
162	2.94862732702	1.16577863478	1.60003741973	1.02243670366	1.57330579317	
163	0.496852553777	3.48270750769	0.685412588698	1.85345842568	3.10937761631	
164	1.74810915177	2.04740466884	2.37944673204	1.71854946696	1.93314233028	
165	2.51103034269	1.92210320636	2.13394396027	2.56335526446	3.00309427488	
166	1.04433652627	1.20108144568	1.09261960614	0.309080353167	0.668926679618	
167	1.16158255983	1.36294192685	1.33914602914	2.89913341709	1.52449692467	
168	1.38439751108	2.19342739296	2.76410505616	3.16615438891	2.57981053463	
169	3.26938394539	2.09741269002	3.72068938094	2.26318614667	2.82661030768	
170	2.93083786394	2.33044746907	2.85606493724	3.82511233439	1.93117399715	
171	1.28050354325	2.16557657877	1.47879205464	1.67169679596	1.61579983534	
172	1.39894555054	0.21251299016	0.56059416396	1.55525228998	-0.149045517287	
173	0.0833202863874	1.3818755549	1.16070814265	0.529070938905	1.00903358503	
174	1.97201480142	3.30005508388	3.85104061122	0.0	4.09185087688	
175	1.82873625925	0.408843400694	1.73399192202	1.64240815347	1.71301507188	
176	3.49095004729	2.47727538623	1.35225635029	3.30187814789	2.98725636195	
177	2.31319465019	0.80385166334	2.5722663041	2.0350622816	1.31560005867	
178	0.821504754548	1.45337747291	0.0	1.85657982633	0.823817388215	
179	0.374966677518	0.412234127438	0.427473547432	0.44020566506	0.220950178102	
180	1.61703032619	2.39351982115	0.877794829893	1.8347162411	2.3468437111	
181	1.94476595068	2.01240536202	1.63098124754	2.45381877556	1.0667170692	
182	1.44344050556	2.13258190406	1.8489110278	2.59740105124	1.77201198115	
183	0.0	1.08193239654	0.0	0.320990859839	0.0	
184	1.04215458532	0.851545661105	2.02629405778	1.14570806531	1.69252984922	
185	0.89223095923	0.764243018021	1.74125840536	1.45495992744	0.84635551906	
186	1.08772556784	1.87240874374	1.54534720271	1.21260976313	1.59486088963	
187	0.568582020355	1.08584756869	1.54073075797	0.935940484985	1.18093502931	
188	1.41844448458	2.97573222314	1.61564781975	2.70364138761	2.12014933897	
189	1.30116740156	1.18051207827	0.187370679823	1.54981564832	1.09985589772	
190	2.71068416097	2.7994750202	2.84065728579	2.98666977591	3.24267818867	
191	0.815091501162	1.30397751988	0.0	1.43302045579	1.02907861225	
192	1.43431100518	1.48939429866	3.35373492651	0.997282489133	1.03661111476	
193	1.68692677886	1.76224258464	2.36102226504	3.17671421667	3.10435576512	
194	0.97245881455	2.64756145723	1.80732249674	1.87942827425	0.968577617362	
195	0.847481704343	1.3397763589	0.162234312005	0.0	1.38308877334	
196	2.17587915797	4.11843514787	3.63992535776	2.40109120192	4.29255885438	
197	2.27504964298	1.74236658909	1.32163445063	1.5444195192	2.26706804981	
198	1.08508757125	1.14696609355	0.936154717794	1.65116191212	1.23163669911	
199	0.14939758316	0.809435640628	1.03811328147	0.853988713123	0.939515574336	
200	0.349734496821	1.09391753361	0.0	0.786686648038	0.0	
201	1.85268392606	0.0	1.26622502038	0.0	0.0	
202	0.871611031968	0.907083534171	0.605918499484	1.27839504431	0.55297455579	
203	0.0	0.0	0.386373933157	0.842218810685	0.0	
204	3.33839681811	3.53995535273	3.51238607775	3.10159129365	3.50527112425	
205	2.07512498869	2.32182058364	1.83118793232	1.94958439574	1.45942578508	
206	1.33342426579	1.48413331492	0.698553286805	0.240592589676	-0.536202738909	
207	4.17768587019	2.74531132654	1.2205901524	2.17814160334	1.90842199787	
208	0.423709495029	0.0	1.66532329299	1.00439361755	0.0	
209	0.663804258016	0.653243326899	0.735397949194	0.757902853354	1.36953370309	
210	0.397156547421	1.28534967483	0.796791245167	0.0	0.0	
211	2.11467922649	0.709531425109	0.811725518801	1.79228618248	1.67732033712	
212	2.53132031195	1.17866731921	2.4801759281	1.3147014652	2.30056683767	
213	2.86252796682	2.16881382434	1.29902577666	4.53431325426	1.13175193105	
214	1.5188074362	1.14314577228	2.07379546169	1.41957556087	-0.141878379044	
215	1.38180690444	1.48764574569	1.3179103976	0.939825029742	1.10670730569	
216	1.89705814423	2.22963849229	3.34696861359	1.7290198992	1.246802776	
217	2.30654277667	1.49135706366	0.889269132512	1.31338979963	1.24078123871	
218	1.31641545875	0.326750554423	0.875778810815	1.17693093275	0.6816541011	
219	2.57369037924	3.05040685498	3.1091784234	3.73896766037	1.00492507436	
220	1.47728574347	1.9900624875	0.0	0.0	0.175999824004	
221	2.5873034945	1.67893202492	2.79443183712	2.12583013088	2.23464541376	
222	1.54967322363	1.57585433668	1.65391614412	0.589600478559	2.71594890442	
223	1.25169758809	0.750386912415	0.549483248826	0.655070074435	0.0872786825547	
224	1.78015868237	1.73764132239	1.11009600245	1.14244866136	2.04428316938	
225	0.0	0.0	0.0	0.0	0.0	
226	0.0	0.0	0.0	2.12610481931	1.99404538149	
227	1.31657676199	1.11380555143	1.37628464994	1.24056125838	0.62404960638	
228	2.16447791934	2.81974878002	0.364423470543	2.49794505953	1.4355421324	
229	2.30575688844	2.32560230294	1.42131527137	2.21827384165	2.40974696572	
230	0.343390075113	2.76145402814	2.67547630328	1.88351469937	0.00639982537324	
231	0.301445377978	0.299795140825	0.260256500751	0.308736957794	0.828524120539	
232	0.0	0.43415815655	0.703697929141	0.188561490918	0.0	
233	1.88651265879	1.10334074589	1.54252469506	0.608199461447	0.767558987647	
234	0.0	2.8061282908	2.01830004953	1.97365211961	2.56854374829	
235	0.700242955346	0.921866564646	1.06232987027	1.18209332836	1.30733599276	
236	4.28811713732	3.60329352895	1.35802978419	1.98974096376	3.36335811514	
237	2.20533680473	1.71446733964	2.37088399348	2.21670243704	0.985863899959	
238	0.0	0.0	0.0	0.0	0.0	
239	2.63534764369	1.96208389484	1.43791739605	1.69277711734	1.84585988029	
240	1.98851328279	1.23665506066	2.69135831148	2.09813071658	1.97664552247	
241	2.37443354764	2.60585532149	1.68329993576	3.05624147839	3.60888552403	
242	0.858482581795	0.760120755359	1.72811590518	1.59396434005	0.9534741655	
243	0.391510824046	2.72194518471	2.24972583901	0.4645174097	2.60195037556	
244	3.77266256219	3.90582780407	2.06240228478	3.66235198795	3.48674518472	
245	2.68279676201	0.517902698999	1.41593784992	0.77802874487	1.31613831839	
246	1.51869575936	1.42425207356	0.68745684596	0.839286766274	0.87717765168	
247	1.69767260347	1.8687101335	1.94621750647	1.5871268009	1.89594109992	
248	1.3142586429	1.45534941156	1.8197575621	1.72918552315	0.896879254142	
249	0.227681971069	2.41018007364	1.75869710124	3.15357315793	0.50220198337	
250	2.29899007577	1.82876194656	0.972230760986	0.70917150921	1.1920720907	
251	2.76941998089	2.47557847819	3.18087135406	2.33220342641	2.64632585578	
252	0.0	0.424420013397	1.30145403063	0.0	0.0	
253	1.23688266549	2.57173801224	2.05247412125	2.62828958296	3.00475913251	
254	0.90850712135	0.556257723482	1.1120028547	1.02354320311	0.665420095398	
255	2.18361021657	1.22173796548	2.01073361012	-0.214702375752	1.93779614835	
256	1.21130992644	1.82383583584	4.24740796863	0.931609761526	1.00726774309	
257	1.94129897785	1.34563463529	1.30705501631	1.63850881498	0.489827422123	
258	4.6456464752	3.59468100262	5.24561091684	3.14031511181	1.85643581088	
259	1.77503753338	0.0	0.130669969705	-0.200263457682	0.0	
260	1.44953753055	0.0	1.32517054971	1.60919077965	0.580991866973	
261	3.04063675692	2.35384746943	1.80382706636	0.875481371107	1.74389760311	
262	1.85582367682	1.19705857819	0.823215012525	1.14798259205	0.895597282949	
263	1.68644524319	1.84538440275	2.05275112277	1.10775335649	1.85622353526	
264	1.47070202397	0.5656437563	1.38549244369	1.45075815549	0.943056359713	
265	1.34721290975	-0.129911212974	0.365284622146	0.0	-0.217785319244	
266	0.863130578306	0.773235556849	1.46322340555	1.29696594221	0.800521793345	
267	2.50265222147	2.05991925146	2.72696819934	2.05009640473	2.70694277144	
268	1.16341235813	1.30155622053	1.75098205311	1.72806318487	0.329663895163	
269	0.0	1.55881001241	1.4794252232	1.87023021127	0.710161350231	
270	2.56415645255	0.785363605377	1.80118051199	0.801232405645	2.03346371813	
271	1.66734623306	0.960714895122	1.78008922566	2.00202011231	2.3787185546	
272	0.926009137194	1.21123037477	1.31054809687	0.98126341436	0.624280276059	
273	1.99695525969	0.846837876581	1.85412608558	0.91355816866	2.4039581623	
274	2.49994913706	2.1551960805	2.81226453142	2.0850014677	2.53290262306	
275	1.53569992759	1.44935115886	2.3688990565	1.24005525868	1.90377497398	
276	2.05591560025	2.76534269294	2.68992686746	2.69380867105	0.763794741772	
277	1.86441758698	1.64190795279	2.18200108524	1.61996275025	2.11229234905	
278	0.831070725424	2.49381493171	2.05087586506	1.05940985446	2.70034638369	
279	3.84763894994	2.91068249144	2.50681532855	2.83347521371	2.4958423498	
280	1.50833050513	1.85436725644	2.06509252567	1.84994800378	1.3649135697	
281	2.76273779071	2.58435336668	2.80264928637	2.8246901414	3.04873429299	
282	1.26366783252	1.49131877089	1.4758571233	1.29974922118	1.17674154165	
283	2.05470756571	1.18950627432	1.27350127114	1.90155971379	2.58060217529	
284	0.841902031783	0.598099722497	0.962536826749	1.79707192619	1.21197814056	
285	2.55616463849	1.20354047093	2.00223028539	2.48020831269	2.55970982957	
286	3.34777778651	2.30707433727	0.871684065823	0.671383858462	1.78336729284	
287	0.959903756602	1.59871513988	1.66739185296	2.70363208316	1.246557189	
288	0.947140827962	2.01095270528	3.16986261728	3.21773103702	0.0	
289	1.68619909082	1.41375875057	1.66125058777	2.81589603313	1.79040075067	
290	1.75225902758	2.4315801361	3.660176577	2.03492774844	1.79317893786	
291	1.08928146583	2.45196848179	1.18401677214	2.00436535014	1.2137056155	
292	2.45522470334	2.3366414833	2.24534140931	1.90121320568	1.77916844938	
293	2.03868069965	2.7874551379	2.21085542603	2.97278401594	1.47515982244	
294	0.0	0.0	0.0	0.0	0.0	
295	0.289515200194	3.22902607088	3.87351244459	1.0667723983	2.40832863704	
296	2.20264912473	1.22740087173	0.933576940928	1.70285216424	2.60268218918	
297	1.14888636266	2.00758274354	0.804976226326	1.66610041189	1.9608152024	
298	1.04983682505	0.509084146904	1.68358547645	0.0	0.0	
299	0.0	0.0	0.0	0.0	0.0	
300	1.48394500337	1.34520524759	1.32228003614	1.01853686405	0.96877226634	
301	1.84338320691	1.63513436277	2.19476807287	1.62522685416	0.795087091482	
302	2.55761333105	1.43481091738	1.29448020273	2.75156586536	2.22501421125	
303	2.78603413894	0.772544831897	3.19877023098	4.20660550517	2.43137048657	
304	2.34986149304	2.51380426331	1.4733173875	0.489939678416	2.14580295798	
305	2.74749881986	2.41466247617	1.33245216089	2.73646127548	2.17027411709	
306	3.32504348269	2.29149656746	1.31462004194	2.62233188768	0.896489387954	
307	0.454404374528	0.194318700304	0.397679556964	0.620858095971	0.608955354566	
308	2.79352438576	2.44343001725	2.67710768601	3.28464187999	2.40078609607	
309	1.24055081639	1.32550075491	1.65131320587	0.863689415083	1.24220676713	
310	2.93766671953	1.97363628941	1.96389785807	2.46841325038	0.292675346532	
311	1.58413199594	0.798985181139	1.2933835595	1.60027773125	1.2690488575	
312	1.66986457318	1.92170522317	1.01910814903	1.85036642723	0.732923210025	
313	1.62975109394	1.16067429134	0.824581145839	2.02142598539	1.80962495205	
314	2.11886470572	1.61087254653	1.1502808279	1.05153719681	1.86008643272	
315	0.758337893782	1.00179859678	1.15403211721	1.13496959277	0.934370388777	
316	3.38640886993	2.86856334253	2.27516617953	3.25346879598	2.52110513161	
317	1.96088371628	2.40908296561	1.6829344297	1.05285654791	1.82713145876	
318	3.68513232222	2.77966637152	2.77307984303	1.45737665114	3.60355394803	
319	2.46777075913	2.08179333942	1.76064660266	2.65036889965	0.291984453571	
320	2.85383047365	0.899380366987	2.10667465026	2.62241704305	2.29949509221	
321	1.11472923502	2.9455563596	2.91797074893	2.20150999205	2.4570475627	
322	1.51478678778	3.06242599472	1.95367648974	3.58553885833	3.16927122822	
323	2.51819198739	1.71095437173	2.50543449967	2.02338677053	1.97182170113	
324	1.82268122171	0.0	2.26880929845	0.0	0.807368581916	
325	0.0	3.70811681475	-0.433252514543	0.0	-0.122357292253	
326	0.0	-0.346072308566	0.0	0.0	0.0534953787109	
327	1.22684507534	0.0	0.780621291093	0.657989778231	0.536614058235	
328	3.36756013008	3.30830670814	4.06056380334	3.05745033319	2.94510111627	
329	4.37896259881	1.11764478115	1.57880100954	2.72507731336	4.76254717785	
330	0.0	2.2269890676	0.702560620991	0.0	0.0	
331	0.357192132487	0.722888148496	0.424391553289	0.459918391209	0.572833555096	
332	1.39922144334	2.38218683649	2.25224308734	1.62616478001	1.49715579429	
333	1.1678065197	1.08253365341	0.993874250172	1.00057972855	1.31941773126	
334	0.218581454053	4.07716598936	3.78418165483	3.11836054314	3.21700361326	
335	1.41363586405	0.373703818448	0.167872908458	1.25799722586	1.35090936472	
336	1.02849285619	1.62800133467	3.27460210261	3.41917531157	3.09667464081	
337	1.64602517855	2.12565459156	3.4597727954	3.83558085817	3.5308892044	
338	1.973331955	1.91697925792	2.1764317763	1.78528077962	1.97193613077	
339	2.36665853822	1.30682409495	2.22270128726	0.875165987267	2.13311561832	
340	2.62000702179	1.9937668541	2.00089063508	1.86262313976	2.16363733512	
341	1.45620813575	2.02327646005	1.80024510802	1.23695624574	1.11015640322	
342	2.50098992501	1.6170551952	1.60319745235	2.21229697461	2.06661610495	
343	0.0	0.0	0.0	0.0	0.0	
344	1.11533459725	1.44962340438	1.20982705278	1.61173725519	0.716196218928	
345	1.06336020824	0.916532033088	0.740421052222	0.395004019077	0.370007575601	
346	1.91266521946	0.497324341529	2.21072443281	2.05642905356	2.36639170334	
347	3.53891645785	2.85887778657	1.92096248094	2.46406135245	2.33816118643	
348	2.74991921978	-0.0487457171175	0.0	2.16443975809	1.83631613154	
349	0.0	-0.209332851564	0.250547061239	0.0	0.0	
350	1.93933312023	1.26853113605	1.94540013584	0.858176798173	1.25161460061	
351	-0.714200549808	0.0	2.34592056145	2.45968617494	2.11473478819	
352	1.74100741911	0.0	2.00834336722	3.16803090927	4.27915259415	
353	1.57477304838	0.676738822197	1.437747292	1.4671304196	1.44905940096	
354	1.7970266519	1.55623707929	2.32599269543	1.66676303323	3.38681858675	
355	1.60334265155	0.0	0.0	0.0	0.0	
356	0.785301652666	0.489927612221	0.596683380449	0.941133810639	0.792366635339	
357	0.0	4.14444093537	0.0	-0.407160621375	-0.222935724157	
358	0.0	1.45510155268	1.61790736745	1.17959566587	1.28137102	
359	1.93140053441	2.07107073078	1.45828123697	2.03611737529	1.96845223447	
360	1.38023338123	1.29635659827	1.850193966	2.16608463834	0.0	
361	2.97054243638	1.93119508193	2.16165069186	2.2407257056	2.11673566431	
362	0.0	0.0	1.64804563473	0.741160920374	0.0	
363	0.625725275783	1.02872894684	0.867464293689	0.969145942734	0.62611564976	
364	1.77102026628	1.46270270687	1.0883868494	1.66952945463	1.2911981278	
365	-0.219372843036	0.0	1.38655034102	-0.169278407528	1.06138735909	
366	1.94374021281	2.02052609075	2.13783820334	1.03655987012	2.0103275004	
367	0.0	0.0	0.0	0.0	0.0	
368	2.62569473393	2.21847508725	1.67180950538	1.90619655227	2.40345306248	
369	2.38370181709	1.77141680756	2.22932431105	2.8368385073	2.15064189871	
370	1.93414642735	0.32903989872	0.864481948931	2.34399485367	1.46938505209	
371	1.02921481843	0.929309090476	0.192514388145	0.567595001918	1.07896519969	
372	2.81761500213	1.21684382001	1.73801254061	2.41591283809	0.530600328636	
373	0.944481672944	0.538465532341	0.619531414851	0.0	1.32019820192	
374	3.72032928503	2.84908422612	2.01715043443	3.55176498804	1.8514848762	
375	1.08887435588	1.95274781601	1.81879157237	0.514102623314	2.84262497296	
376	2.39377639397	1.70539982728	0.619714129463	2.58813546658	2.42460264444	
377	1.44730176131	2.53185739969	0.914873186418	2.57527140392	2.72085895492	
378	3.0610865483	2.76758312966	-0.0393617448677	1.9612873139	1.46615948125	
379	1.45825483354	2.47631790682	2.02609100979	1.83863916403	0.456747280805	
380	2.12286786624	1.97602873941	2.01360852351	0.519396473733	1.7142430647	
381	0.0	0.0	0.72563445256	0.0	0.717314524659	
382	1.67380384598	0.729307703816	1.21619678339	0.977332398476	1.21520007379	
383	0.271274307566	0.738934920969	0.948610869039	0.829499077953	0.520822480829	
384	0.891466105945	1.5956019616	2.56398333279	1.92036818029	3.14372426469	
385	1.46033585192	0.0	1.22361563481	0.407265837652	1.25832097298	
386	1.71563356512	1.88266080424	1.46912531111	1.43184472493	0.751315266045	
387	1.76232213392	1.33588474286	1.50097193733	1.85177374127	1.81647606227	
388	2.53501385538	1.56712023053	2.30046804943	1.48112917234	2.35118292257	
389	0.0	1.75372118529	0.0	2.2068301373	0.0	
390	0.0	0.0	0.0	0.615613265453	1.05492141462	
391	1.11918595712	1.71458172461	1.39327488744	2.39801957407	1.38351787896	
392	2.99006976231	0.525434245632	1.87017923931	2.53360106575	2.7465964744	
393	1.85669570809	1.8973604265	1.96646334079	0.612510230315	2.13651911824	
394	1.58325530356	1.56545746623	1.37278832379	1.51681841655	0.790124786997	
395	2.05893722401	1.69949775033	2.47063336215	0.400204318555	2.48577047793	
396	0.685760251052	1.58609382916	1.37483855109	1.75471528831	2.06706805692	
397	2.82477992737	2.18745109248	1.89108787517	2.55729504512	1.8774836071	
398	0.355266978219	0.681424428146	1.02713720556	0.413648028546	1.22695557118	
399	1.03830096248	1.69326793307	0.953903902144	0.795331851625	0.708680523773	
400	1.44734170878	2.11542066401	1.96485417061	0.853025185672	0.500545990655	
401	2.97044176187	2.96241916639	2.34007309433	1.84404377628	1.88974941773	
402	1.88588959334	1.47080348365	0.744138952718	1.9715557531	0.865378179872	
403	1.5225642065	0.901983255182	1.11697569242	1.07929151303	0.255921620801	
404	1.41573427899	1.72422422741	2.19408452682	2.01077758114	2.53509087839	
405	2.72518573944	3.30931369832	3.26457350321	2.95336975823	3.11058317551	
406	2.92094367593	1.83720659105	2.33449588546	4.39293782065	3.80650613353	
407	2.79788482652	1.65553246803	2.70843749078	1.18797974131	2.00621298132	
408	1.26933815802	0.723671252493	0.872100918958	1.02591891583	1.66741563438	
409	0.792834503918	0.79238262702	0.0	0.0	0.567214179255	
410	2.2539269247	3.43839093328	1.73302361327	2.96673655815	2.08963641836	
411	1.1641448407	3.40802861852	0.323582243436	2.67189941947	2.00228988109	
412	2.64171878827	2.10539203352	1.68680374952	0.831497058185	1.38785361496	
413	0.596408272045	1.38696240626	0.724301281185	0.264608631102	0.223743126152	
414	1.42784836384	2.13556333452	2.06596876844	0.980606837057	1.86548672321	
415	0.973814305355	2.06844259671	2.76374909049	0.897270160575	4.20591230716	
416	0.477714080635	1.07016551757	1.20551831531	0.648905444966	1.58791182725	
417	1.93476169059	0.366924275109	1.01796864525	3.04923375013	1.23472527507	
418	2.43961112049	1.59882569384	1.63904758522	2.37935333797	0.444094494572	
419	0.986552167899	2.00525072751	0.753361616456	-0.465718857872	1.03894482962	
420	1.74307242035	0.672785842932	1.41238852046	2.46203341851	2.0885538293	
421	0.311249090198	0.545073944668	1.21209869002	1.42628743083	0.836887982441	
422	3.6897375396	1.88853413079	3.73969536064	3.00083188691	3.34537263112	
423	1.68136457798	2.61228277741	0.797848755712	1.72822914058	1.07981425039	
424	0.0	1.40195768457	2.30731418966	1.25380061957	1.25499468393	
425	0.371238719179	1.33854142877	0.336860812005	0.29808198058	1.30970611923	
426	0.542700497627	0.859581855414	0.818345983783	1.13685676089	0.131562532024	
427	3.46872368447	3.18351418539	2.34577806693	3.88877399615	2.72038342172	
428	0.0	0.0	0.0	0.0	0.0	
429	1.25691201724	2.19267108664	0.900618305742	1.08864170553	0.383164034304	
430	1.39837162493	2.27070829408	1.88709220729	1.94908765145	1.82364137668	
431	1.56598380762	4.12904783523	3.46950598574	3.03153854008	5.00599725423	
432	0.318582359556	0.948213285288	0.540477399654	1.42183245763	0.131665633369	
433	0.895618656885	1.15334278418	0.0894297868963	0.203992305281	0.37008132112	
434	1.00956411263	1.08374438304	0.718922390538	0.855527786376	1.7169362978	
435	3.39502976385	2.54753647422	1.15556427086	0.728420524756	1.94531759588	
436	2.69632600827	2.03074527641	3.1956986236	3.25968215464	2.1542338818	
437	2.46187202194	3.62606977131	3.03442869491	3.52988468465	3.02124056301	
438	0.215810921531	0.444747205066	0.851260560606	0.657496262447	1.36064221582	
439	0.678600516579	0.696392200114	0.431275842831	0.55323593199	0.286781962151	
440	1.94895859692	2.22714367825	1.77316857185	1.73706101622	2.57844557851	
441	1.18587375157	-0.480124216654	0.682948139878	0.0	0.0	
442	-0.453802467236	0.0	0.214038548284	0.0	0.222367046016	
443	0.974986795445	1.28941762557	0.825342981546	1.36090480763	1.3273568369	
444	1.19516458284	0.0	0.0	1.39053622639	1.48537516233	
445	0.0	0.0	0.0	0.0	0.0	
446	1.16981320221	0.0	0.0	0.0	0.0	
447	1.4632292105	0.0	0.816494259304	1.08276685758	0.751761874152	
448	1.12205528308	4.47203880872	3.1781194667	2.72144625237	2.59434214162	
449	2.43583231972	2.14872567753	1.14945673305	2.4734002322	2.45524734842	
450	0.794504723383	1.38238533093	1.84222864487	0.986663529546	0.570965530187	
451	0.595159404555	1.14688247409	0.857226652972	0.420842856675	1.57079872413	
452	1.24298709655	0.900647487027	0.60394517868	2.77848720005	1.65280088801	
453	3.26225504876	3.04956499287	2.95961390369	2.26606628444	2.24144974243	
454	0.473452891672	2.2175020145	1.88313169574	1.97981157076	1.60996993564	
455	2.40674241291	3.47391881199	1.06310899601	2.14745729638	2.48663769461	
456	2.03707565038	1.24728007869	1.88463129599	1.49770226818	1.26596368041	
457	0.892669068619	0.843982921493	0.799807357295	0.762935527377	0.715798570403	
458	0.692500487628	0.222486671412	0.767689597986	0.318865318407	0.778501154691	
459	5.05465715223	1.67135325581	1.08442659526	1.18469813384	3.82468867701	
460	0.615186671066	2.00236986453	0.392357364734	1.32135437538	1.16344024104	
461	0.983746836014	1.68794558223	1.11000898645	0.509125992332	0.712892264169	
462	3.41068759055	2.31916423064	3.11747590593	2.4070592624	3.16929521886	
463	2.31171067879	2.93722463205	2.91474587447	3.75505406581	3.73789027613	
464	0.865519156526	2.19056509538	2.94028671538	0.0	2.85898827169	
465	2.01992810396	2.41954863253	2.46969714351	1.84849950116	1.3755249067	
466	3.0582773654	1.1899801988	2.85638497446	2.03807330339	1.20810897356	
467	3.40730824193	3.30760180174	4.17582376471	2.46688754996	3.36054533878	
468	2.39890214566	1.92222625595	2.01517243142	1.02774356379	2.11175040138	
469	1.96437652653	1.6920865197	1.72757517525	0.903346521205	1.40092414543	
470	1.12385803983	1.3225222556	2.41163599381	2.21297889239	0.838820551977	
471	3.18946028703	3.97036253552	3.72926345124	3.35748644603	3.02329153736	
472	0.0	0.138338180585	0.0	1.22397043611	1.59194066254	
473	3.68079441799	2.44404887147	3.63281020494	1.8452530046	1.75302924409	
474	2.48855680862	1.48323037803	1.27035787809	2.65876066579	2.78843900822	
475	2.30346589897	2.02498981148	2.24647105988	2.5982201022	1.14412292721	
476	0.502668226395	1.58732463253	1.5502770368	1.86106894644	1.01093037818	
477	1.02238641024	1.87398492695	1.47527870425	0.572313533402	1.3941800874	
478	2.54215432952	1.08104594297	2.54067831685	2.03425633208	1.92387963638	
479	1.28568212077	2.48216769913	1.15536774404	1.46145340199	1.82043507732	
480	1.12812137433	0.810497418423	1.70816584293	0.999094881938	1.13553471468	
481	1.32185976082	1.73662170857	1.02051507203	1.18724315911	1.65223672381	
482	-0.172147396989	2.19745394612	0.0	1.34869108458	2.18612415036	
483	1.82397012988	1.81145360944	2.18340520692	2.27832282729	1.40333101636	
484	1.6076843175	0.912775508533	1.4478836185	0.894738327897	2.10669183104	
485	0.0	0.0	0.0	0.0	0.530737798325	
486	3.33479778505	4.2524619188	2.73051147934	4.15194894895	-0.688983358603	
487	1.35678960971	1.41441310461	1.6669400487	1.7653921382	1.18304164329	
488	2.02618797932	2.72592933167	2.08172247585	2.6140212613	2.66724810659	
489	1.59888270716	2.14740632088	1.65848558731	2.15220645486	0.959785492949	
490	0.294102759468	0.201593270277	0.384875155182	0.214120881605	0.824498115987	
491	1.61694915463	2.0307718814	2.63693622153	3.37547890015	0.447696333591	
492	1.64526599134	2.1816557841	0.35201187119	1.3238679164	1.6050101862	
493	1.27361955481	0.982125803418	1.49342550077	2.35465456868	1.32334032661	
494	1.78307775401	2.27503401174	1.16353228376	1.07037931411	2.52281779473	
495	1.60089131243	3.29990969242	3.17934809745	0.893782368527	2.1247945804	
496	0.394530751569	1.79643872388	1.5512709371	2.03248513084	2.20772096625	
497	0.407593771155	0.176449124798	0.0	0.0839041635829	0.0	
498	2.66656143961	1.85365570021	1.91640757707	1.54298503012	3.13083490926	
499	0.289094063785	0.798660171532	0.992175929293	0.155332626238	0.597999026483	
500	0.212833396089	1.1051613178	1.84227412917	1.67360855009	1.26342266031	
501	3.82894217833	0.0	0.843275831258	2.63938364408	1.60989467668	
