1	0.443494862	0	0.568183237	0.413240414	0.395349975	
2	0.945756248	0	0	0	0	
3	0	0	0	0	0.662857162	
4	0.793135316	0.907687727	0.629292155	0.755708415	0	
5	0.746521734	2.24724022	0.4907641	0	0	
6	0.526038665	0.802815854	0	0.5833333	0	
7	0.608336666	0	0.633084352	1.35	0.789779418	
8	1.476633097	1.448698275	0.662779953	0.945501038	0.582334609	
9	0	0.565433018	0.3695899693	0.951417191	0.823743419	
10	0.895937115	0.3722302	0.36072977	0.389715942	0.37249981	
11	0.590881163	0	1.160033632	0	1.208630284	
12	0.446465696	0.664073804	0.732635383	0.69697705	0.915928934	
13	0	1.005456245	0.98771118	0.542454654	0.553644008	
14	0.781767227	0.869863337	0.698525682	0	0.97993404	
15	1.085964906	1.36507042	0.634784448	0.805196556	1.242235132	
16	0.817068708	0.326755176	0.577716346	0	0.376837371	
17	0.634331401	0.5625	0.674657097	0.843679616	0.485773858	
18	1.294197606	0	0.847926009	0.855011064	0	
19	1.07221611	0.434080696	0.500178801	0	0.769932372	
20	0	0.829968416	0.714877924	1.524128746	1.14718867	
21	0	1.224419135	0	0	2.64463314	
22	1.059409474	0	0.581812101	0	0	
23	0.454026404	0	0	1.268314934	0	
24	0	0.662300237	0.88550997	0	0	
25	0.617103403	0.410912659	0	0	1.082526463	
26	0.717408155	1.001047126	0.473389384	0.631233578	0.973822743	
27	1.075803081	0	0.697744779	0.93432261	0.588517122	
28	0.337557919	0.656688848	0.431502521	0.66390517	0.518387266	
29	1.988531575	1.354156233	0	0.811772757	0.774574698	
30	1.13951208	1.092812111	0.341187505	0.433007671	0.559608508	
31	0.819903685	1.252043419	0.565382764	1.047344953	0.662330116	
32	0.49055964	0.495756773	0.36395352	0.60788153	0.520777876	
33	1.153005271	0.73731703	0	0.86372894	0	
34	0.39345797	0.344651757	0	0.239841282	0.562029201	
35	0.463125821	0.692349495	0.325326584	0.70637586	0.490063533	
36	0.541502424	1.345658229	0.521556922	0	0	
37	0.471363108	0.599942787	0	0.384492063	0.772252086	
38	2.02438555	0.908187617	0.809263146	0.877453927	0.545832958	
39	0	0.820743837	0.494057689	0.705425864	0.715027977	
40	0	0	0.432183895	0	0.475919321	
41	1.040908628	1.125939255	0.696177443	1.032722665	0	
42	0.397740226	0	0.76008154	0.47132356	0	
43	0.850141369	0.932340791	0.686074131	1.265797439	0	
44	0	0.550735228	0.876285904	0	0.480260293	
45	0.48029737	0.3658821	0.860032121	0.340438484	0	
46	0.406667128	0	0.6338055	0	0	
47	1.469845391	0.780349067	0.465606512	1.133236944	0	
48	0.796374889	0.65238363	1.176391547	0	0.625	
49	0.439976763	0	0.423265638	0.249168682	0.874685946	
50	0.562347914	0.565386572	0.42613148	0.693290744	0.60315919	
51	0.494689894	0	0.516305956	0.49111738	0	
52	0	0.45908925	0.519227884	0	0.673399707	
53	0	0.145506425	0.216561186	0.047373384	0.15492326	
54	0.75	1.642243436	1.364049621	1.047220195	1.865562494	
55	0	0.741577719	0.80034539	0.465091704	0.79137477	
56	0	0.593012864	1.050024436	0	0.622022163	
57	0.469634347	1.365915166	0	0.813659519	0	
58	0.621321933	1.06282726	0.960922516	0.945528516	0	
59	0.400449228	0.749181445	0	0.776401285	0	
60	0.675878071	1.349558568	1.31520679	0.706986022	0.954274106	
61	0.162864913	0.28782808	0	0	0.276197221	
62	0.7323485867	1.06937085	0	1.049950879	0.500360635	
63	1.06926748	0.43119641	0	0.526344577	0.413366746	
64	0.858049892	0.809747177	0.521411529	0.86665938	0.663372956	
65	0.64285713	0	0	0.560249534	0	
66	0	0.5555556	1.085734236	0.96989038	1.106189407	
67	1.4531169	0.777038532	0.502384068	0.997705899	0	
68	0.583896334	0.676616626	0.621461445	0.9917707	0.6	
69	0.300321141	0.304115	0.23613499	0.14905903	0.238860586	
70	0.306130287	0	0.471677282	0.2702817346	0.586088075	
71	0.5555556	0	0.61468789	0.415084924	0.5555556	
72	0	0	0	0	0.496336235	
73	0	0.592162248	0	0	0.486947945	
74	0.911312056	0	1.621567837	0.567922351	0.791864681	
75	0	0	0.656951272	2.00994289	0.640590681	
76	1.048618648	0.833893642	1.153508342	0.94668001	0.607795117	
77	0	0	0.573843124	0.16963154	0	
78	0	0.405627877	0.24809218	0.541462398	0.345513224	
79	0	0.812396403	0.261411304	0.431774028	0.714915067	
80	0.851273761	1.334467817	0.759386527	1.435854641	1.489355237	
81	0.910918569	0.76571676	0.896223096	0.951560023	1.00868806	
82	0	0.966913043	0	0	0.629994553	
83	0	0.443551027	0	0	0	
84	1.39238324	0.621501091	0	0	0.598759014	
85	0.781846212	0.622156447	2.417045436	0	0.591211682	
86	0.654122502	0	2.132756627	0.583415336	0.536675885	
87	0.41560516	1.875	0	1.256559083	0.749611658	
88	0.277652889	0.552948078	0.484547913	0.495192468	0.379030817	
89	0.345453431	0.65406416	0.339440286	0	1.44333431	
90	0	0.507902017	0.671671553	0.531378099	0.478258426	
91	0	1.664701766	2.605212576	1.111338836	1.124803486	
92	0.924900185	0	0.5714286	0.879764447	0.83669757	
93	1.145883235	0	0	1.41221384	1.31391768	
94	0.461903235	0.604367825	0	0	0.433138266	
95	0.308628904	0.26881454	0.207180974	0.335768102	0.447877069	
96	0	0	1.39724447	0.470849675	0.617700944	
97	1.356258684	0	0	1.633607473	1.44369564	
98	0.3826028645	0	0	0.702598093	0.6	
99	0	0.655308712	0.4881779	0.809088287	0	
100	0	0.666313406	0.607872839	0	0.6666667	
101	0	0.37826828	0.71762886	1.9166667	0.398966278	
102	0.265255214	0	0.494654189	0.484749506	0	
103	0.534832241	0.606215293	0	0.92066977	0	
104	1.9782965	0	1.436094903	0.723380673	1.164699327	
105	0.752092454	0.793019687	0.948542277	0.82142821	0.651751512	
106	1.145852845	1.034307939	1.00523823	1.379992025	0.722318121	
107	0	1.324532997	0.697384233	0	0.968870796	
108	0.31486906	0	0.35704382	0	0.309104482	
109	1.015568065	0	1.683184556	0.882953596	0.792180919	
110	0.726383862	0.700165865	0	0	1.85574986	
111	0.687973134	1.068533363	0.664944591	0	0.902046966	
112	0.6916331	0	0.663719175	0.219554344	0	
113	0.603113147	1.300341518	0.860902259	1.016728083	0.377746911	
114	0.526179897	0.67348153	0.376742655	0	0.317898317	
115	1.140770492	1.97432483	0.701225577	2.091262025	1.59525287	
116	0	0.42658624	0.585391466	0.434754219	0.808530822	
117	1.117946437	0	0.552452642	0.674742222	1.117702796	
118	0.408858274	0.718015587	0	1.02945049	0.973904979	
119	0.83937016	0	0.803440119	0	0.684377382	
120	0.443494862	0	0.568183237	0.413240414	0.395349975	
121	0	0.24358573	0	0.219442759	0.201897124	
122	0.389437161	0.747442985	0.390340516	0.328536409	0.430163739	
123	1.116037875	0.746641625	0.851645759	1.62498772	0.506167272	
124	0.621704941	0.732832124	0.381620702	0.634424536	1.056512146	
125	0.887221928	1.250341355	0.533756012	0.6979060806	0	
126	0	0.998823259	0.577629685	0.386150456	0.625	
127	0.581462154	0.65090748	0	0.737444436	0	
128	0	0.670892858	0	0.66282259	0	
129	0	0.403393189	1.102428348	0	0.596258189	
130	0	1.234439741	0	0	0	
131	0	0.559416255	0.756901118	0.6739649	0.94289456	
132	0.755301091	0	0	0.482922924	0.841199189	
133	0.354863633	0	0.380407524	0.441058833	0	
134	0.543212743	0.753074382	0.674057138	1.040439884	0.589242002	
135	0	0	0	0.444594037	0	
136	0	0.573311332	0.405515114	0.6	0.296177911	
137	0	0.5264628	0.685596417	0	1.42100644	
138	1.124643566	0.398450861	0.499119285	0	0.475729744	
139	0	0.611214295	0	1.02777775	0	
140	1.010391814	0.977307295	1.408294567	1.519747988	1.041287953	
141	1.347276261	0.502132241	0	0.48782662	0.514662581	
142	1.130765035	0.982787843	0.846342085	0	0	
143	0.560138502	0.60315146	0.450206502	0	0	
144	0	0	0.695475105	0	0.601054206	
145	0.514436775	0.552097474	0.708088516	1.1849506	0.626990974	
146	0.989809274	1.051535187	0	0.882862737	0.861337537	
147	0.637284561	0.717952736	0.742591981	1.041270896	0.847415593	
148	0.488688494	0	0.553347096	0.404837224	0.372885749	
149	1.1875	0.558615259	0.648798358	0.855936194	0	
150	0.482099985	0	1.18025847	0.483833584	0.584437061	
151	0.341177553	0.371954874	0.214078815	0.291287014	0	
152	0.664296917	1.545296476	0.605452365	0.835301777	0.437342105	
153	0.839594771	0.763304134	0	0.706981218	1.520270211	
154	0.798586867	0	0.416578261	0	0.400671806	
155	0.887353731	0.918639885	0.594261261	1.35956144	0.867862789	
156	0	0	0.753166319	2.2380953	0.759341729	
157	0	0	1.171936155	0	1.502375321	
158	0.953128428	0.6	1.040307639	0.30472485	0.803570832	
159	0	0.74908422	0.507860943	0.56740193	0	
160	0.349794761	1.231623702	0	0.467750105	0.462212835	
161	0.97759131	0.505318496	0	0.773296376	1.23279056	
162	1.007293314	0.98025967	0	0	0	
163	0.572906434	0.75834088	0	0	1.400268781	
164	0.791989619	0	0.638564576	0.553807054	0	
165	0.67551816	0.531651758	0.458099367	1.246312681	0	
166	1.055198285	0	0.358033735	0	0.741969448	
167	0	0	0.693110914	0	0.442434848	
168	0.696397298	0.764222051	0.666658856	1.255304588	1.045880096	
169	0.780156823	0.960809688	0.710895419	0.75	0	
170	1.124405845	0.6666667	0.80851688	1.53274281	0	
171	0.526505341	0	0.55746242	0	0	
172	0.441509828	0	0	0	0	
173	0	0.52938892	0	0	0.467796136	
174	0.750786609	0.664648122	1.29325876	0	0.68186406	
175	0.494358126	0.625	0.99200835	0	0	
176	0.514102306	0	0.44368511	0.542089522	0.624865048	
177	0.69530752	0	0.583073505	0.94957831	1.067640031	
178	0.62289469	0	0	0.749882566	0	
179	0.166091903	0.10403615	0.181460634	0.132993623	0.141041047	
180	0.430394776	0.445340282	0.264141316	0	0.474969522	
181	0.664677857	1.600546589	0.490031522	0.686148686	1.10187605	
182	0.87083244	0.75771435	0.907084174	0	0.650464846	
183	1.201918543	1.817041539	0.752146012	1.154421007	0	
184	0	0	0.933318037	0	0.468253839	
185	0.876144057	0	0.784789033	0.50960954	0	
186	0.929084347	1.114952881	1.548749254	0.96117825	0.873646924	
187	0	0.788537842	0.847878947	0	1.269231241	
188	0.629787877	0.892821819	0.38593788	0.82500938	0	
189	0.709352702	0.508847443	0.31859073	0	0.53720959	
190	0.877734196	0	0.694996879	0.963116694	1.126761614	
191	0.605572124	0.682027664	0	0	0	
192	0.760797357	0	0.855261036	0.796603455	0	
193	0.59361163	0.355324085	0	0.815486894	1.27605565	
194	1.35	0.691689067	0.864964814	0.902109604	0.632145582	
195	0.6	0.610489409	1.236180495	1.170656246	0.636025816	
196	0.709351282	0.881387799	0.87256914	0	0.660606079	
197	1.261856794	0	0.804792998	1.004322405	0.832444248	
198	0.450894439	0	0	0.805196064	0	
199	0.334130701	0.170815977	0.452149856	0.56863675	0.492401316	
200	0	0	0	0.76622592	0	
201	0	0.501474154	0.464953213	0.628124788	0.57768164	
202	1.148676507	0	0.795559825	1.144056986	0	
203	0.321285315	0.54161933	0.455678854	0.716081488	0	
204	0.883528631	0.854270293	1.026144749	0	1.072353531	
205	1.003810312	0.638211153	0.769755112	0.607863699	1.127959761	
206	0.723286684	0.724158488	0.910139009	0	0	
207	1.485508023	2.201405299	0	1.15733731	1.483614915	
208	0.619158389	0.535320572	0.658092868	0.535489598	0	
209	0.188574662	0	0	0.232830466	0.6666667	
210	0.635792059	0	0.662060608	0.631122126	0	
211	0.404759052	0.367521549	0.35878912	0.68074185	0.717126014	
212	1.110779663	0.818133101	0.473512898	1.32842955	0.89118988	
213	0.514958747	0.601885224	0.714480153	1.11167814	0	
214	0.556891273	0	0.798910341	0	0.580779183	
215	0	1.28571586	1.087098334	0	0.727214233	
216	1.362018164	1.534474772	1.201627442	0	0	
217	0.830643254	0.880229227	0.712368039	0	0.699731905	
218	0	0.305247596	0.412074986	0.428828502	0	
219	0.373262179	0.432165291	0.541254817	0.762929259	0	
220	1.345394786	0.26596624	0.286636087	0.54841005	0.271669586	
221	1.008851666	0	1.208512151	0.909706394	0	
222	0.259584595	0.465591632	0.307746757	0	0.44637417	
223	0.665002968	0.476157234	0	1.126546006	1.091544069	
224	0	0	0	1.013082757	0.859895569	
225	0	0	0	1.069102425	0	
226	1.192801603	1.02865299	0	1.279203348	1.166308883	
227	0.8387505	0.474665232	0.52661487	0	0.69811004	
228	0.875004066	0.683128996	1.2916667	1.038467539	1.000342403	
229	0.868673018	0.973334304	0	1.344632089	0.674519264	
230	1.042992193	1.223603708	0.75	1.643316122	1.133225537	
231	0	0	0.120008338	0.197610418	0.77009605	
232	0.26039343	0.51030597	0	0.427335374	0.48766449	
233	0.794990042	1.056606295	0.767632778	0.534014067	1.311173593	
234	0	0.502666852	1.03233245	0	0.611353612	
235	0	0.451544795	0	0.358242134	0	
236	0.5416667	0.733238874	0.855153753	1.131620002	1.151436203	
237	0.878983386	0.643962122	0.995955745	0.804068006	0.629830966	
238	0.463660688	0	0.791683918	0	0	
239	0.8486828	0.918063922	1.032213856	0.617930365	0.70596078	
240	0	0.771752929	0.990796424	0.801353796	0.882548545	
241	0	0.647272053	0.759708244	0.856963971	0.665607615	
242	0.696214511	0	0.69653173	0.417042407	0.596398559	
243	0	1.092791683	1.353275691	0.725164371	0.828487373	
244	1.261150557	0.88543611	0	1.796320151	1.103035422	
245	0.307188097	0.6666667	0	0.412687238	0.677900322	
246	0.486446004	0.729310634	0	0.27976396	0.286106704	
247	0	0.5833333	0.561881775	0	0	
248	0	1.012384344	1.160200795	0.831267565	0	
249	0	0.695488667	0	2.3537008	0.518478171	
250	0	0.871574666	0	0.438467252	0	
251	0	0	0.912857573	0	0	
252	0.629156215	0.484917329	0	0.495272954	0	
253	1.066923425	1.7044726847	1.13759711	1.049995603	0	
254	0.355601662	0.842820847	0.325959759	0.392186384	0.4598826	
255	0	1.10159577	0.737084025	0	0	
256	1.081024069	1.170968822	0.876580244	0	0.417080462	
257	0.456728825	0.315016218	0.355582605	0.46544536	0	
258	0	1.246153929	0	1.011343605	0	
259	0	0.302922226	0.603229167	0	0.42240127	
260	0.671293919	2.387499564	0.774514627	0	0.639155068	
261	0.767939732	0.696673677	0.75	0	0.890706588	
262	1.107951044	0.908492678	0.6666667	0.351302425	0	
263	1.490464015	1.683321105	0.885512756	1.57603489	1.156268333	
264	0.352181311	0.450451702	0.37702098	0.493783384	0.46394668	
265	0.28322247	0	0.904575375	0.615389509	0.541350504	
266	0.296544606	0.438536498	0.493787471	0.446150698	0	
267	0.598000884	0.794302085	0.859224338	0.652868566	0	
268	1.171204505	0.744904534	0.566893442	0.5	0	
269	0	0.94397664	0.359598741	0.874333887	0.475230209	
270	0.70006532	0.529841443	0	0.427635806	0.377732106	
271	0	0	0.554654905	0	0.585021187	
272	0	0.695127909	0.34897577	0	0.543022247	
273	0.51912645	0.877123849	0.484836699	0.61034839	0.616715487	
274	0.484000381	1.25	0.65061086	0.72130685	0	
275	0	0	0	0	0	
276	1.052601274	1.159091317	0	0.679278461	0.705852956	
277	0.487051165	0.359065944	0.318604722	0.278869402	0	
278	1.255382656	0.728763316	0.586521232	0	1.5	
279	0.404849229	0.952991238	0.866158221	0.55349956	0.777693573	
280	0.928251211	1.011928789	0.631669483	1.85488633	0.96821217	
281	0.758437471	0.53295971	0.563643695	0.596930661	0.801276891	
282	0	0	0	0	0.518681254	
283	0	0.617621776	0.805503392	0.627003387	0.393539309	
284	0.582364864	0	0.560489945	1.121331606	0.702674008	
285	0.55652946	0	1.18871898	0.447258875	0.85747038	
286	0.980511488	0	0	1.232856874	0.967580212	
287	0.605953353	0.508399347	0.473263978	0.87479056	0.394452246	
288	1.04995882	0	0	0.722766663	0.95500757	
289	0.94624678	0	1.559687675	0.977614445	1.035466944	
290	1.708689494	0.516823237	0.77771813	0.485129496	0.71894838	
291	0	1.22787316	1.138566132	0.674286062	0.525070627	
292	0.793592147	0.926473711	1.107829854	0.783959931	0.593298634	
293	0.918300666	0.853602582	1.030546393	1.324573635	1.08761943	
294	0.620977303	0.812871513	0.75551489	0.881464735	1.057852508	
295	0	2.044168165	1.509614242	0.895059582	0	
296	0.737674062	0.736048128	0.497934366	0.605157847	0.700304765	
297	1.2666667	0	0	0	0	
298	1.016276864	0.6031648	0.454636629	0.93187037	0	
299	0.559028778	1.244012912	0	0	0	
300	0	1.367852576	0.624084913	0	0.98991466	
301	0.460364299	0.288012965	0.248282188	0	0.269634578	
302	0.959357609	0.519202019	0.618004122	1.131132196	0.901379106	
303	1.384086974	0.92394369	1.570905196	3.60684697	1.219641793	
304	0	1.422937177	0.748738825	0.685761263	0.934963046	
305	0.497318891	0.453574949	0	0.487401188	0	
306	0.894319846	1.989099437	1.045977279	1.8333333	0	
307	0.58317026	0	0	1.52364013	0.373332785	
308	1.51888517	0	0.5674261572	0.509811833	3.34046057	
309	0	0	0	0	0.316520221	
310	0.353477856	0.508728756	0.262229827	0.394098109	0.59169936	
311	0	0.394972544	0.699006298	0.52749588	0	
312	0.957285043	0	0	0.744423096	0.358787589	
313	0.715925746	0	0.528678793	0.92207166	0.551791867	
314	0.86788363	0	0.532609669	0	0	
315	0.324819629	0.62948969	0.529836323	0.389004287	0.291174763	
316	0.70564911	0.608483657	0.535173089	1.137385302	0.656533897	
317	0	0.499105177	0.809679852	0	0.617023949	
318	0	0	0.708140557	0.6	1.340042651	
319	0.597587976	0.685208082	0.575564944	0.304753865	0	
320	1.510256461	0	0.308989116	0.49147648	1.0285254	
321	0.488501295	0.969525654	0.469703824	0	1.096200809	
322	0	0.768135582	0	0	0.65380381	
323	0.431961014	0.414060035	0.664399933	0.437636636	0	
324	0	0	0.647266612	0.732333995	0	
325	0.490862625	0.532955652	0.639701057	0.800839196	0.495355264	
326	0.968807234	1.509037875	0.761001661	0.998169379	0.883587736	
327	0.485944514	0.656916132	0	0.481452045	0.88317619	
328	0.736284418	0	0.622441775	0.393338909	0.674196297	
329	1.386687141	0	0	0	1.709769186	
330	0.785193329	0.786217086	0.415012964	0.628665331	0.678542423	
331	0.25359092	0.20248133	0.240119557	0.211869485	0	
332	0	0.74341483	0.621339719	0	0.82607192	
333	0.587554365	1.1625	0	0.632091701	0	
334	0	0.629108514	0.883291208	0	0.600767603	
335	0.203818776	0.248905985	0	0.143043599	0.06373423	
336	0.635640964	0	1.149217747	0.807213345	0.613394253	
337	1.386572029	0.759849116	0.686092842	0	0.948267183	
338	0.59689205	0.917382012	0.916404612	0	0	
339	0.579603126	0.407467024	0.659013663	0.39917001	0	
340	0.683202736	0.750241824	0.754094782	0	0.882284765	
341	0	0.518625421	0	0.6	0.485753986	
342	0.722756829	0	0	1.069415525	0.571757151	
343	1.687583864	0.853440033	0.682536512	1.874167604	2.75974488	
344	0.4037202	0.128045103	0.288082435	0.196098732	0.23763519	
345	0.329919463	0	0.24279146	0	0.345007383	
346	0.75307222	0.598450473	0.447171186	0.540839964	0.759738447	
347	0.588387322	0	0.692864309	0.539096975	0	
348	0.610259445	0.573460345	0.828815877	0.55530493	0.776510754	
349	0.587978478	0.480522	0.52949397	0.713650434	0	
350	0.54044242	0	0.368062574	0.570927757	0.69677828	
351	0	0.588373604	0	0.886845453	0.702427648	
352	0.964626202	0	2.658502207	1.753009438	1.330472629	
353	0.93794862	0.283509724	0.404459609	0.488069636	0.514015598	
354	0	0	0.707724487	0	0	
355	1.67992446	0	0	1.730598438	0.923064049	
356	0.318387065	0.145177718	0.171520695	0.235845832	0	
357	0	0	0.961333808	1.267593769	1.16164752	
358	0.596919425	0.591853149	0.65263673	0.197579318	0.337078325	
359	1.523848974	0	0.65730906	0.705561988	0.549585442	
360	0.173434149	0.282511801	0	0.239436986	0.123450983	
361	0.402833	0.476987068	0.662518116	0.96868316	0.36529982	
362	1.02345515	0.426573226	0.579152274	0.910515711	0.837663618	
363	0.559973904	1.898148325	0	0.31124466	0	
364	0.469075134	0.692526837	0.589594155	0.236338878	0	
365	1.06254875	0.840841716	0.719499046	0.523925717	0.625	
366	0.301699036	0.328470012	0.379336747	0.454839056	0.277507633	
367	0	0	0	0	0	
368	0.785217977	0.403818024	1.023536852	0.9603346	0.437006579	
369	1.42075691	0.807176239	0.578468759	0.91448554	0.635836824	
370	0.374267162	0	0.149214436	0.410071764	0	
371	0.356216574	0.499162446	0.60404748	0	0.21288511	
372	0.625996738	0	0	0	0	
373	0.773514618	0.380993125	0	0.761598613	0.600272044	
374	1.097544384	0.568365101	0.635898641	1.281760347	0	
375	0.52736647	0.498516395	0	0.57257537	0	
376	0.572747545	0.23002922	0.34667087	0.3905323	0.584920912	
377	0	0.834253707	0	0.693257405	0.849106189	
378	0	0.912984293	0.925584858	0.7650262	0.903291881	
379	0.410530494	0	0.416957129	0	0.499780312	
380	0.640425055	0.974547427	0.913447411	0.670188472	0.896914737	
381	0.739971274	0.202375643	0	0.339705196	0	
382	0	1.0	0.661246287	0.563357587	0.5114506	
383	0.14362491	0.362839243	0.204167525	0.204511518	0	
384	0	0	0.918183439	1.088886305	0.771123018	
385	0.706187533	0.665790078	0.607651952	1.4166667	1.433900596	
386	0.59918994	0.47390095525	0	0.550279502	0.736964793	
387	0.98164032	0	0.956566758	1.896848679	1.02263799	
388	0.940122411	1.348457356	0	0	0.786223545	
389	0	1.822997944	0.64168895	1.429787006	0.800772608	
390	0.62247665	0.57323218	0.928915169	0.921637593	0.506250023	
391	0	0.824377415	3.064356236	0.6666667	0.933516409	
392	0	0	0	0.787668386	0.588272791	
393	0.672227624	0.452813607	0.54921528	0	0	
394	0.575377101	0.63641265	0.83302967	0.627931215	0	
395	0	0	1.636133265	0.666067346	0	
396	0.62709571	1.630699786	0.6	0.331913634	0.853045958	
397	1.420224705	0.537673803	0	0.502758482	0	
398	0.632810047	0.835054127	0	0	0.595707616	
399	0.423273207	0.76919031	0.378438698	1.0	0.624072476	
400	0.569235361	0.717177648	0.733684631	0.645124088	0	
401	1.446451899	0.671942075	0	0.590109219	0.526469298	
402	0.537576686	0.573578407	0.648263568	1.033381541	1.228945778	
403	0.612815444	1.321175794	1.174928349	0.533115924	0.43575579	
404	0.495009514	0.598688068	0.499626243	0.562990236	1.177285136	
405	0.446646112	0	0.277115272	0.389765311	0.643777174	
406	1.219883533	0.823935489	0	0.785856605	0.920300986	
407	0.632126645	0.326317247	0.653088105	0.968141065	0.653371921	
408	0.353166875	0.57505637	0	0.44530734	1.27380955	
409	1.04436013	0.501690591	0.66806736	0.299809275	0.64319097	
410	0.794475653	0.799872128	0.44004023	1.377566	0.579516557	
411	0.57769496	0	1.264979502	0.763095769	1.063058908	
412	0.736842694	0.697737809	0	0	0.5625	
413	0.32062643	0	0.344229924	0	0.240405375	
414	0.69764263	1.324661579	0.685767805	0	1.277446629	
415	1.224265371	0	0	0	1.511598251	
416	0	0.378352188	0.579568086	0	1.131441005	
417	0.97224899	0	1.03350422	0.972134476	0	
418	0.95804575	1.177617586	0	0	0.5625	
419	0	0.48839635	0	0.738573504	0.484029527	
420	0.698668407	0	0.272879692	0.857349716	0	
421	0	0	0.393192596	0.647289959	0.340189672	
422	1.033227154	0	0	0.524570116	0	
423	0.694775639	1.165174054	0.445959833	0.651757625	0	
424	0.750228425	0.807154149	0.810668565	1.139028051	0.993054689	
425	0.651845325	0.390763398	0	0.43353515	0.491580422	
426	0	0	0.523603101	0.880797364	2.042604272	
427	0	1.131546732	0	0	1.156715481	
428	0	0	0	0	0.729303406	
429	1.12817207	0	0.57955216	0.718204293	0.806866588	
430	0.557507833	0.760919286	1.226669178	1.583540136	0.623718709	
431	1.54580981	2.935902906	1.537173621	0	0	
432	0	0.34125828	0.418076464	0	0	
433	0	0.326241295	0.284972832	0	0.361349245	
434	0.79071532	0.449920502	0.674566367	0.45331112	0.493339305	
435	0.461142897	0.442201584	0.497582165	0	0.634600907	
436	0.813755289	0.573721647	0.718808181	0.741818824	0.937440539	
437	0	0.81691454	1.034988337	1.00656849	0.567673561	
438	0.090160251	0.07064796	0	0	0.03221279	
439	0.55958703	0.296986264	0.3951309	0	0	
440	0.583527717	0.459061158	0	0	0	
441	0.285401781	0.297819995	0.315133739	0.180485091	0.375442266	
442	1.330558964	0.667213459	0.632243801	0.962181399	0.921862886	
443	0.452171451	0.58761346	0	0.864189354	0	
444	0.536731536	0.600228796	1.053417536	0.716566264	1.378061762	
445	0.736380695	0	0.672257766	0.513811068	1.137305944	
446	0	0.729084212	0	1.160373056	0.517546093	
447	0.372842949	0	0.613758938	0.525836585	0	
448	1.1055556	0.811996258	0.55	0.55	1.566597696	
449	0.597067444	0.598234284	1.343800235	0.608076983	0.8050458414	
450	0	0.49915163	0	0.669847595	0	
451	0	0.62110143	0.337592506	0.429037919	0.516573265	
452	0.79089503	1.01250131	1.3908033446	0	0.511519034	
453	0.81420918	0.804610697	0.910906017	1.256215695	0.868775606	
454	0	1.273391538	0.932177821	1.099544968	0	
455	0.855862381	0.976162919	0.717515313	0.578581998	0.798516593	
456	0.673958472	0	0.511390355	0.63810663	0.865708383	
457	0	0.494233855	0	0	0.34507922	
458	0	0	0.421739498	0.394524112	0	
459	1.278283135	1.010780043	0.776152704	0	1.021009768	
460	0	0.895375845	0	0	0.676343267	
461	0.526135835	1.19089518	0.78595335	0.496376308	0.60488771	
462	0.527399565	0.658432442	1.02933455	0.682745403	0.930567416	
463	0.611117983	0.706560032	0	0.945339784	1.321217416	
464	0	0	0	0	0.880849518	
465	0	0.984294729	0.717157541	1.024756164	0	
466	0.9411657	1.149321278	0.89214202	2.396541594	0.904884454	
467	0	0	1.01416508	0	0.907857161	
468	0.55516517	0.840937832	0	0.555724445	0.46812837	
469	0	0.773346279	0.63484273	0	0	
470	0.613086296	0.949332222	0	0.731604863	0	
471	0.639095504	1.027618576	1.0	1.136867865	1.359899282	
472	0.805729603	0	0	0.393385826	0.552119614	
473	0	0.428872944	0.341639664	0	0.425544863	
474	0	0.970295526	0	0	0	
475	0.348557453	0.83240796	0.997216328	0	0	
476	0	0.640442485	0.348800868	0.382163983	0.19497261	
477	0	0.936801964	1.506340542	0.927760629	1.278178805	
478	0	0.455202205	0.402565591	0.334434964	0.363032746	
479	0.841818432	1.258044194	0.849096697	0.380144082	0.522232779	
480	0.513744054	0.591449459	0.875441336	0.473433843	0.827538894	
481	0	0.640045424	0.713619995	0.377100886	0.570230954	
482	0.525467352	0.424892651	0	0.468643953	0.466426457	
483	0.827079915	0.967662758	1.229155664	1.029180069	0	
484	0	0	0	0	0.63221973	
485	0	0.498137984	0	0.55	1.9072609	
486	0	1.095621126	0.797427696	0.789126708	0.935038018	
487	0.448260479	0	0	0.416582118	0.568252836	
488	0.384212986	0	0.450587117	0.626531358	0	
489	0.360558933	0.58782565	0	0.496296319	0.31561444	
490	0	0.6666667	1.016944322	0.30799025	0.5860587	
491	0.643248024	0.384356603	0	0.474157454	1.149121552	
492	0.74007969	0.477499201	0	1.037375327	0.969526823	
493	0.495015893	0.6	0	0	0	
494	0	0.574654385	0	0	0.53778043	
495	0	1.636567312	0	0	0	
496	0	0	0.436937326	0.36985685	0.414637615	
497	0.320123084	0.773215116	0.280581432	0	0	
498	0.46450046	0.455372768	0	0	0.707202296	
499	0.825145608	0.5625	0.986071952	0	0.689222723	
500	0.567543424	0.567735214	0.624834764	0.607689713	0.482231389	
501	0.676186156	0.456199559	0	1.068069672	0	
