1	0.310229181722	-0.376826622202	0.0	0.145511408039	-0.0708269875681	
2	3.58326013061	0.164623384127	0.612266551448	-0.825140852355	0.371266658086	
3	-1.51021576895	0.738918748633	0.0	0.46805896114	0.31440579923	
4	0.904557897831	0.20595054828	0.278886545208	0.205104961326	0.151975293909	
5	0.33420562844	0.353986113088	0.0435275857944	0.198617577293	0.136760327774	
6	0.0	0.320996640942	-0.055612593676	0.00347485789753	0.290500882814	
7	1.85753137145	0.637289338142	-0.200938716396	0.523858971402	0.449785002381	
8	1.15871082238	0.321259160224	0.0	0.183341327642	0.253176441876	
9	1.16855259673	-0.357367448859	0.514681592459	0.331409363408	0.162406032725	
10	1.15670846686	0.524988692812	0.485878153257	0.0763922093949	0.0690750674326	
11	2.00736957417	0.410202161767	0.506103053594	0.381849751523	0.210349284733	
12	1.46423087851	0.167276989983	0.596933725161	0.0784642034124	0.0593574227423	
13	0.0	0.422863985862	0.322499151337	0.5188247269	0.237465584057	
14	0.554167847707	0.500124987511	0.414802824093	0.144369140954	0.215418251244	
15	1.27361429119	0.700652395067	0.614176710484	0.407509008164	0.230699909781	
16	0.460847781418	0.238404808606	0.0640539787193	0.19255078236	0.24029972059	
17	1.45760017651	0.59292697163	0.344161127788	0.303284313317	0.18549649872	
18	0.792113925134	0.390194816545	0.855387502072	0.505048931982	0.25258140916	
19	1.66013927751	0.709148704513	0.050916092203	0.207360377754	0.121345173107	
20	1.78685474318	1.89484089855	0.789624404144	0.255229895166	0.271742714531	
21	0.0	0.0	0.44106857288	-0.113248791553	0.281904734819	
22	1.25883038174	1.16949002394	0.730180664979	0.596739422636	0.0	
23	-0.524533947543	-0.00798648092482	0.539468773703	0.176085908	-0.274901913879	
24	0.2289313753	-0.292113883699	0.237111355659	0.377363856546	0.352597284544	
25	1.57227907584	0.656397128701	0.611705880651	0.404813344052	0.17450668021	
26	1.93838753341	0.569858966827	0.229535979229	0.366100677662	0.123454469474	
27	0.775913147104	-0.0677069753896	0.287399045409	0.203312817412	-0.0482003987213	
28	0.0	0.128629865713	-0.146610826812	0.170670677964	-0.148635785233	
29	1.5813261429	1.22644664946	0.515828391889	0.298075080675	0.156308806082	
30	1.49298689365	0.219866364918	0.496860095446	0.357959006207	-0.00957364440192	
31	1.20464256347	0.406579894756	0.531418869019	0.291382680415	0.256236208747	
32	0.373668835486	0.00790288313456	0.733022622904	0.756791637158	0.359523149138	
33	0.847729972969	0.14560396163	0.691433946715	0.16919010616	0.11392369507	
34	1.09148360441	0.770048934815	0.0	0.100817040712	0.268292772045	
35	1.34486695911	0.782383205362	0.613630245602	0.294014520563	0.0	
36	-0.257861408802	0.756783823891	0.294602696271	-0.27894368038	0.329917633474	
37	-1.23277913842	0.794137766848	0.663493805461	0.0	0.239899018774	
38	1.47533489166	1.20235890792	0.521003142759	0.405108110433	0.579608636679	
39	0.0	0.207230886548	0.130447703155	0.284079761054	0.216478908917	
40	1.83617134078	0.64476838917	0.023447646915	0.0902546872206	0.00906338494566	
41	3.08753706508	-0.972757594436	-0.0973452366988	0.374004158163	-0.0122320788535	
42	0.0	0.957616325287	-0.111971210842	0.150864314323	-0.149324509195	
43	0.162881611848	0.661162886053	0.199673837252	-0.00461097189469	0.373258338094	
44	1.66898310995	0.672911915877	0.532936297476	0.551867037892	0.28360391695	
45	0.198057452543	0.284968477912	0.208845275034	0.52823575811	0.0	
46	0.333010970001	0.73734110241	0.397401359514	0.0	0.164071747988	
47	0.680486059303	0.267467635183	0.0595180481479	0.0466831048217	-0.0522542733742	
48	1.88553851094	0.525682756051	0.318868151028	0.433284186108	0.48579277707	
49	0.3599715244	0.341754372392	0.479705915358	0.501212136294	0.38006360397	
50	2.87540927555	1.08354266098	0.837193934956	0.238728651174	0.459317292827	
51	1.94668263496	1.06005651962	0.681777019061	0.198687382299	0.403752031987	
52	-0.163230266184	0.0	0.609655847688	0.438431779117	0.127426798324	
53	0.379740124467	0.699632340893	0.335947481991	0.158743665748	0.258908180277	
54	1.23303630405	0.512302484266	0.535548824316	0.207587588284	0.158472247523	
55	1.54073774319	0.728677047622	0.433125308203	0.0737500658151	0.368177159658	
56	2.15487657624	0.297105412212	0.702202491381	0.70929722086	0.339465386078	
57	0.686356109245	1.09208626173	0.318921836228	0.337670718748	-0.496023770352	
58	0.0432848959343	0.521869953963	0.364596813124	0.0742338900354	-0.100936231381	
59	0.109730814707	0.164545382715	0.338495565531	0.400863257576	0.232168939071	
60	1.1453165742	0.377966652467	0.428754414346	-0.114735763353	0.255753467858	
61	0.0	0.0130212226647	0.0567194267426	0.0735932566939	0.10748778029	
62	1.71471116785	0.297299863439	0.454127149556	0.337451244623	0.090189335567	
63	1.28009150576	0.374560974025	0.0647708592953	0.142222844758	0.0855295402492	
64	0.71127258976	0.638448601905	0.359678736293	0.0	0.291419370322	
65	1.75375716833	0.0	0.0	0.0	0.436708575487	
66	0.0	1.01699492208	0.668838728373	0.482440758	0.253739252061	
67	0.947589830528	0.679161728651	-0.228719502709	0.507636565839	-0.0299893598184	
68	0.26636690774	0.266074212249	0.471002146004	0.452402671994	0.389091669846	
69	2.48710701959	0.904689494839	0.355226685836	0.418386957523	0.506260541676	
70	0.253563684673	-0.159795643555	0.230903075226	0.295441246545	0.221484406754	
71	1.88483362594	0.806093163501	0.0814750613625	0.618593523493	0.160413967991	
72	-1.05106462912	-0.164646494064	0.407383005598	-0.374963916369	0.0936360366236	
73	0.163999021197	0.624726494802	0.175698265942	0.413427980684	0.16965664695	
74	0.519300250978	0.55587320859	0.472255031173	-0.000200844717606	0.459848546435	
75	1.16149199231	1.22664723936	0.665813824695	0.0920155682505	0.58523346241	
76	1.83534141531	1.16028691037	0.457478521539	0.112913839271	0.120107591874	
77	-0.263403346184	1.34120947549	0.186128603602	-0.0529561463599	0.149592008039	
78	-0.430325943627	0.187292325847	0.640831742236	0.302059291894	0.377161662043	
79	1.60857676973	0.145540957534	0.733140779721	0.116107716156	0.125556236232	
80	0.0157738868081	0.2852569391	0.442935404503	0.304972402847	0.345057018646	
81	1.08609219889	0.431785737201	0.294229779431	0.281721713929	-0.0100150548543	
82	-0.867600874124	0.855592087983	0.220128530765	0.0	0.328402410114	
83	2.08183593613	0.130938289502	0.0	-0.310634839374	0.28451959383	
84	0.725749540362	0.304560460792	0.426647026887	0.359366605698	0.205704046993	
85	1.10516351743	0.687879808152	0.289803881796	0.0858620498734	0.225591292271	
86	2.04860230271	0.206058459449	0.439509409508	0.366530452985	0.304973236244	
87	0.270598778311	0.837263301255	0.517942428439	0.219217345843	0.32152188121	
88	1.0694669476	0.683984303819	0.165582394602	0.432150080279	0.336683950283	
89	2.37563702104	0.0999954130334	0.701689244436	0.4220548641	0.42520394393	
90	0.302484531917	0.706189650417	0.629561748663	0.0	0.221250999899	
91	-0.301759386725	0.889650180255	0.0274836556871	0.267143505486	0.243894205017	
92	0.275927021444	0.527652171135	0.033389025851	-0.052663052442	0.163823664378	
93	1.04111026607	-0.57352668215	-0.321115009954	0.376322360693	-0.195441460097	
94	1.31259862693	0.343108991597	0.492507571565	0.472013569813	0.166295652544	
95	-1.57544692356	-0.0950823635605	0.0	0.379376894068	0.355310347566	
96	2.15281109483	0.10326508809	0.417902814419	0.423585245755	0.295338031165	
97	1.75465852524	-0.20150937488	0.0	0.400140127075	0.217633116654	
98	0.9006345937	-0.333545890657	-0.157193074754	0.0969381328673	0.0265254407347	
99	0.0	0.502456523197	0.611334629944	0.290526530131	0.469573984648	
100	1.54045894052	0.0	0.472109172141	0.414006443342	0.343369636412	
101	1.82216865733	0.594356423129	0.346755411715	-0.0396285081993	0.219019577172	
102	1.39954776701	0.934739291695	0.34781303903	0.443180946266	0.060107470412	
103	-0.524896692257	-0.21896386117	-0.214174370019	-0.0558604670641	0.0932269006291	
104	1.29168080781	0.0	0.544605965516	0.0	-0.0098419300997	
105	-1.64128080835	1.29488742147	0.243072129779	0.341420828712	0.475520762975	
106	-0.844465206184	0.549183235927	0.400285374462	0.0772098073836	0.2439776281	
107	0.317822716226	0.647781534255	0.0	0.294271652417	-0.0630468325658	
108	1.64343202354	0.432297592573	0.349742264001	0.214716741819	0.150886969575	
109	2.08605486654	1.14805192002	0.291107548811	0.121349222542	0.292501551113	
110	1.22824254079	0.594138736893	0.279649601997	0.0	0.310625493367	
111	0.93991722132	0.549524637643	0.255933410254	0.297532128636	0.000362871374797	
112	0.366997794134	0.0	0.210621930913	0.0897018216553	0.156780228162	
113	-0.122067514766	0.0383231032527	-0.0128305548589	0.0	0.161003283936	
114	1.23292680294	0.0625995581137	0.543990727166	0.277254527591	0.00606977310199	
115	1.1886082339	0.599327966675	0.458303799854	0.140412821805	0.391723324359	
116	1.2415810655	0.0855703939116	0.167438692657	0.236138859611	0.191638640601	
117	1.48547472281	0.0	0.746835777748	0.00628221313676	0.368247318276	
118	0.439300163825	0.0844562324132	0.0	0.20226654959	0.0722149560668	
119	0.658268652064	0.442201627891	0.621331864337	0.496322052386	0.14306022726	
120	0.310229181722	-0.376826622202	0.0	0.145511408039	-0.0708269875681	
121	0.856281139225	-0.267138476953	0.0	0.204761091433	0.200087209478	
122	-1.40335524046	0.561323994184	0.738650568488	0.497776102023	0.411757440857	
123	1.60856161052	-0.199110611108	0.119020715457	0.506297839191	0.0	
124	0.675079949863	1.11478661946	0.579984147601	0.526080366811	0.251661640254	
125	-0.0576747695497	-0.303217644417	0.0	0.261252379421	-0.00983372244541	
126	0.870230910222	0.39468793371	0.277500897004	0.322864712688	-0.208141262021	
127	1.06368102278	0.499227132532	0.393883589019	0.268053299346	0.382648341631	
128	2.07233539161	0.988913606976	0.118276163919	0.288971132564	0.00793538581232	
129	2.31241332426	1.13307198426	0.89097777594	0.0576585392374	0.350282185983	
130	1.56948709319	0.960751519127	0.811679070505	-0.229133646908	0.391549755012	
131	0.830128389377	0.280296449538	0.562982251302	0.351014773952	0.160203749971	
132	0.624019028707	1.21478339168	0.144834292478	0.636538010278	0.285019107144	
133	-1.98726029542	0.405612448051	0.408593107941	0.359283712539	0.0	
134	0.209284567355	0.327227486641	0.571976978365	0.0	0.0	
135	0.508592757213	0.221372541157	0.293438570111	0.27095099786	0.155343883519	
136	2.46580770337	1.44238451319	1.10702176993	0.753253015553	0.219385997769	
137	0.551809191181	0.987170481771	0.507319270364	0.332498466089	0.379834355381	
138	1.73751316856	1.16892100335	0.334411123849	0.663501239224	0.681859540542	
139	0.899010940396	0.72196602504	0.646310120007	0.586408664801	-0.147929869153	
140	0.356842115036	1.01535666069	0.133371372377	-0.274664143373	0.226259426644	
141	2.33777880504	0.884729445394	0.0	0.21671990811	-0.00709281249689	
142	0.694697022113	0.373060938622	0.560205143988	0.310583714967	0.282825258824	
143	1.30345556542	0.561073964783	0.342631802141	0.264809564417	0.325474993878	
144	0.276047492806	0.96118108699	0.114525105176	-0.018638628362	0.33080732315	
145	-0.392975116783	0.0	0.545797370725	0.202669149609	0.381780189565	
146	1.89064836184	0.581743660098	0.580159403791	0.0	0.200864418337	
147	-0.341123577879	0.552650119526	0.243898892698	0.154528317547	0.217644430416	
148	1.73063985687	0.539237528041	1.19198037916	0.59594536851	0.521554047269	
149	-0.717269041699	1.00044992422	-0.305918053603	0.130882400154	0.553356197349	
150	2.63811585421	0.364217290999	0.589924119176	0.579951343052	0.387094116523	
151	1.70746158833	0.0	0.284329259407	0.0971700417317	0.0	
152	1.29952777689	0.436906834818	0.112917090872	0.279723840583	0.32858377777	
153	1.51875461578	0.0927354578386	0.488151650645	-0.0813906564157	0.312637419128	
154	0.0	0.600443140046	0.0	0.0	0.299250763468	
155	1.23296476245	0.561522779613	0.37864763869	0.337996278125	0.198905050103	
156	1.92069736144	0.0	0.0	0.617432692936	0.0	
157	-0.0877539720984	-0.323654892389	0.352760400989	0.0470844756525	0.41450753173	
158	1.65322222446	0.331399139822	0.350890093053	0.208545536978	0.464246986646	
159	0.1959170547	0.314059718021	-0.033549821974	0.106992199652	0.293060829894	
160	1.00552775245	1.1280330388	-0.283132803134	0.487838672996	0.191100424147	
161	0.0	-0.751617305315	-0.32747873125	-0.269589080399	0.356912917254	
162	0.407338334025	0.338934075119	0.448280827273	0.0	0.0	
163	0.56177025517	0.576703564744	0.489747053158	0.320142244631	0.102987196802	
164	0.0	0.774134896112	0.705369579789	0.329603017007	0.241305325791	
165	0.539772806957	0.443488555201	0.296209276149	0.326003927682	0.236134394705	
166	0.0	0.485119205354	0.242270998929	0.187600050629	0.0803282581455	
167	-0.329407355799	-0.0227764101502	0.591711373721	0.083215189783	0.1765316317	
168	1.45161683926	0.495561884726	0.312143871507	0.0454780997143	0.161176366709	
169	1.043907245	0.564341093067	0.884446533315	0.285842769113	0.294457231792	
170	1.77752807172	-0.646215207334	-0.0474862043133	0.458516571196	0.271690654494	
171	0.35865149256	0.637044392222	0.221225412458	-0.129512333688	0.207718070312	
172	-0.35429008199	0.801204902843	0.262247500312	-0.101980240498	0.0369462480711	
173	1.00075040936	0.634311260175	0.0	0.0	0.0626690731347	
174	1.2040539039	1.15129456061	0.608539909631	0.188859874927	0.372254263981	
175	0.791089743164	0.325989291456	0.270281960106	0.0	0.0949855983348	
176	2.74239820684	0.800496609121	0.504151574612	0.0833578432346	0.406228322456	
177	0.884277753379	0.174108133544	0.248251822544	0.227309043191	0.219083462744	
178	1.25135427661	-0.242338402118	0.325604990524	0.373533029714	-0.0150553976777	
179	1.46743309772	0.215823550647	0.0	0.0516376151334	0.512712233783	
180	2.13368776165	0.637713426738	0.898233176349	0.528341407573	0.440040664465	
181	1.83424243936	0.454641355353	0.607908038862	0.0	0.485978229704	
182	0.863851650957	0.0123393997426	0.663571824379	0.149503576512	0.409346939549	
183	0.666336273679	0.0741286407779	0.101062381972	0.103415708262	0.0875653175057	
184	0.595201838116	0.434201937967	0.376007740538	0.0	0.328379402431	
185	0.710959045479	0.430142385837	0.373072085037	0.252375646207	-0.029296230981	
186	1.2685407937	0.513572054293	0.400979195081	0.421121551257	0.15465290405	
187	1.03370760646	0.50954139835	0.546017689257	0.507232816054	0.333252581721	
188	0.716128859502	0.785517674734	0.461221959259	0.457384975461	0.18499720868	
189	0.112573864554	0.305655260362	0.128459518791	0.0987420784591	0.129798167869	
190	0.587830145204	0.384176458707	0.157331483608	0.425835604207	0.233382671016	
191	-0.345244870243	0.279115680085	0.0	0.311982097433	0.0135671527008	
192	1.02060179839	0.2291209968	0.588855271176	0.350305193298	0.27150300207	
193	0.947936481498	0.963753122442	0.0	0.177565458132	0.29522774074	
194	1.03398826335	0.679713660048	0.0720544287436	0.420365923469	0.122392291853	
195	0.467019976642	0.614256202826	0.290304385232	0.347022450926	0.372722035657	
196	1.21156783704	0.0	0.796992556372	0.327541410182	0.0774325750481	
197	1.67249309552	-0.422809318332	0.477839882537	0.363681066821	0.419572156592	
198	0.0	-0.399721286093	-0.0734311443267	0.487593552691	0.0	
199	0.18990987755	0.269257115539	0.064884577668	0.0413380290297	0.134555901661	
200	0.0	0.475619358198	0.625438789732	0.123232866679	0.352635678828	
201	0.0	0.0	0.265967876382	0.289877605755	0.182850516432	
202	1.60940818629	0.324130086473	0.111062085561	0.364679443698	0.198958839706	
203	0.0	0.0	0.548948700622	0.459985611184	-0.0136866864858	
204	1.12990769304	0.284923238668	0.0	0.0830960678596	0.0	
205	1.97730763655	0.414449483486	0.766541087253	0.421745443247	0.0	
206	-0.0615185957241	0.811515582911	0.162671782839	0.0	-0.220245780744	
207	0.463201583511	0.989024409198	0.0	0.0	0.337723512359	
208	1.28292517296	0.462829076793	0.326121787388	0.289251861638	0.292387823905	
209	1.60416088889	0.0	0.308241746943	0.116471080796	0.182292385243	
210	1.95924698948	-0.0617488476331	0.585124791623	0.370849202503	-0.0221982570595	
211	1.57195247382	0.123359548305	0.177911406731	0.651034347065	0.207731968074	
212	0.311305340723	0.246628494181	0.360919273118	0.111743366012	0.157190125204	
213	2.05043244768	0.929611801417	0.598208347357	0.42859688486	0.261951764205	
214	0.0	-0.123140532451	0.106104737288	0.161163127458	0.115427981293	
215	-0.294781768646	0.572411498191	0.0881762115652	0.306170864896	0.233669918334	
216	0.116834095294	0.7740107617	0.0	0.352789253452	0.312480200726	
217	1.13806386987	0.0144155802726	0.0745875624206	0.0747654829049	0.0913961448054	
218	2.82614514948	0.56255921011	0.421421327574	-0.0541039931682	0.106883587582	
219	1.87116965322	0.310391517242	0.254311745974	-0.121744435237	0.0	
220	2.47351432759	0.789056286575	0.157239647279	0.365356880889	0.369843435132	
221	2.41016835017	1.23842940908	0.371368435409	0.147134855785	0.290746911482	
222	1.45365498265	0.553858720441	0.302832041277	0.0	0.393138959541	
223	0.801623956278	0.89551977635	0.120516151063	0.211504734416	0.0184849464381	
224	2.18212980692	0.10137456579	-0.0699192695627	0.406777439996	0.489509932652	
225	-0.325184415264	1.18697429842	0.598444796762	0.0	0.109256143749	
226	1.062176354	0.914767755607	-0.234639248212	0.657192746008	-0.0741052465926	
227	1.90946535088	0.292751003352	0.0	0.498389853711	0.111359000382	
228	1.32080073137	0.894541824574	0.275346822663	0.541168155724	0.257848231999	
229	1.45387352071	1.08252237193	0.48787454869	0.368624720703	0.352701930835	
230	1.48125139415	1.11010765934	0.516412965898	0.592090182055	0.430008381059	
231	1.94854477354	0.182109160175	-0.305212927011	0.3863483158	0.171463817302	
232	1.28646210199	0.0773853567465	0.93327270168	0.250709072427	0.374198539313	
233	-0.223016404335	0.358839453282	0.635385871075	-0.161510960289	0.437948221773	
234	0.0	0.545233458809	0.467061896244	-0.0081511431435	0.361431928409	
235	0.263800279254	0.215337636587	-0.0435850332942	0.0595899246578	0.120907013985	
236	-0.664136899979	1.03880316845	0.044088335382	0.191565609723	0.41395814906	
237	0.667172438442	0.0	0.312432194541	0.231103640691	0.197929391769	
238	0.482321000576	0.0	-0.0562914263296	0.163385477366	0.166830664189	
239	1.43216000122	0.5954529283	0.397278863391	0.349984627301	0.323689427686	
240	0.150163823524	0.698235705041	0.052737855725	0.421423687189	0.262280461292	
241	2.02043135258	1.03538872457	0.728825866123	0.388342243125	0.268533914361	
242	0.0728296289777	0.193163507191	0.237470853387	0.176387242767	0.044064081792	
243	0.515493473189	0.295774521352	0.223126873652	0.112691932983	0.410957696493	
244	1.53711272668	1.01695733508	0.569333418994	0.350431199593	0.390942552205	
245	0.0505505533081	0.637170290447	0.685020326445	0.117788174973	-0.0216762969301	
246	1.76903439526	1.30521937357	0.442933513917	0.554606226832	0.19325772245	
247	0.683433228985	0.508380348752	-0.0357698292165	0.0439832893077	0.326176654796	
248	-0.646121718966	0.96623174668	0.136291195572	0.33595561026	0.355055555462	
249	0.3745745329	0.894372281209	-0.248758139731	0.15885349232	0.352857892631	
250	1.23339284722	0.364702729991	0.450077302878	0.254214500219	0.0	
251	0.0	1.13299598412	0.589588036692	0.0611141854187	0.10415254703	
252	2.12544616096	1.11457322669	0.467184177922	0.655642718967	0.0	
253	0.812837564362	-0.019011982988	0.263701942025	0.414876808307	0.0	
254	0.504789125865	0.191069904258	0.402234556517	0.235637684371	0.0727295363546	
255	0.0	0.677363378852	0.621461302352	0.621461516381	0.102501572546	
256	0.0276177192572	0.686181883831	0.423906936491	0.0	0.016570192208	
257	1.16356957925	0.199402896459	0.460633198659	0.223423081823	0.0	
258	1.88333347349	0.289260054542	0.338711807097	0.0766099277876	0.399101471229	
259	0.151350792311	0.458189661856	0.460083988983	0.220160718257	0.180565586601	
260	1.13116774429	0.220776716523	0.424770856359	0.314315524783	0.20895851788	
261	1.26270846314	0.459616747948	-0.150143819049	0.311411453989	0.142502740611	
262	0.500942504959	-0.103587047231	0.461143911869	0.213401796975	0.512346984981	
263	0.644317742545	0.676336043269	0.595471562112	0.186671155096	0.284693899302	
264	0.239266137937	0.163489612466	0.608710222129	0.465343944569	0.459356931226	
265	1.38411305009	0.56073269879	0.355028640455	0.507955942368	0.0	
266	1.41767678735	0.0	0.815689937851	0.4751345424	0.0	
267	1.61652542397	0.595489985856	0.715698953851	-0.425696561893	0.199306853798	
268	0.163423972779	0.572351858963	0.454926386588	0.0711687481547	0.174636915618	
269	-0.130080949151	0.907026998257	0.576061145839	0.089590752773	0.296422634411	
270	0.48160424627	0.29519425918	0.0	0.154167289335	0.0511282360459	
271	1.29934469876	0.87258421972	-0.0271889694598	0.255044580927	0.0	
272	-0.817206164045	-0.242947144437	0.33827119421	0.306675603436	0.244144484361	
273	0.0652711974717	0.249765650341	0.502672967291	0.398469111408	0.273423429542	
274	1.38527955369	0.0	0.269003186076	0.314730499174	-0.120482576825	
275	-0.327144224535	0.741465107914	0.243005340284	-0.0656855918187	0.280812003017	
276	0.854580827802	0.393455327496	0.205065076424	0.263086267296	0.220754318477	
277	2.56369843337	1.08537854508	0.570554144686	0.652238759798	-0.151185032374	
278	1.33973390732	-0.429691444901	0.0	0.269404769979	-0.355708857969	
279	0.625628310661	0.808339155105	0.483015681985	-0.116382588868	-0.0475160079654	
280	1.20131809175	0.738335232938	0.375741550537	0.093780654909	0.26848575052	
281	0.41418741076	0.0	0.0	-0.199771493673	0.31285404522	
282	1.5711018926	0.14209148044	0.0	0.0	0.0	
283	0.789198974828	0.739126433968	0.151778717618	0.447392092836	0.382221711926	
284	-0.726394619687	-0.368130444241	-0.148864075968	0.135917254531	-0.0605383765038	
285	1.49194246904	0.815984559379	0.601089063644	0.159237746437	0.351218705888	
286	1.46051824349	0.578893849192	0.345087721086	0.262342830714	0.138886727835	
287	2.07191366783	0.847707139166	0.526228447493	-0.514190269211	0.462625191491	
288	0.964814951981	0.529284626512	-0.355346837897	0.285866807836	0.0	
289	1.74329083097	0.689233449569	0.462104905356	0.320961223389	0.262622692275	
290	0.974919304796	0.77611925535	-0.0267585533589	0.182138033922	1.87937113636e-05	
291	1.10925094353	0.536928014257	0.094919899261	0.350612976282	0.0652272735049	
292	1.26499774803	0.340754851229	0.454910339968	0.278753272488	0.179719474766	
293	1.32134231849	1.10951854843	0.0	0.418854271646	0.365914644614	
294	1.60349273965	0.420137437874	0.130149694335	-0.123387303337	0.0598090275512	
295	1.79518844613	0.212635978576	0.219367995584	0.215289764924	-0.135269292937	
296	0.171851400743	0.0	-0.376536145857	0.655786352941	0.362701100489	
297	-0.823332310829	0.0	0.265791335239	0.55059972516	0.346266669056	
298	0.709859591146	0.328363887628	0.201698953576	0.0876676468465	0.0250007881156	
299	-0.234273520765	0.0310604515741	0.0015087325776	-0.399228510366	0.080346583419	
300	1.20263644824	0.557870242583	0.276182784008	0.0	0.338323652211	
301	1.52854724492	-0.305238410119	0.0522348270428	0.0	0.0751581552723	
302	1.88158530152	0.315667904457	0.472974574624	0.558536092838	0.246574624638	
303	0.931709035996	0.630809811788	0.230177947491	0.0252658460903	0.280641488532	
304	-0.0588197263674	0.494176623728	0.649281478574	0.22663922945	0.501521609438	
305	0.786456045561	0.464877567085	0.248086135328	-0.098513581276	0.206512782172	
306	1.68958503182	0.448834762891	0.11389484319	0.337459352173	-0.291914829989	
307	1.00902416678	0.581513691878	0.283576331435	0.194784023789	0.421656583751	
308	0.763629109708	0.00297899016396	0.215416348104	0.162888950466	0.13949136112	
309	0.18245943563	-0.829140687962	-0.593325338941	0.364164957675	-0.360417630349	
310	1.39543657102	-0.0308024635847	-0.000425597578301	0.192868583801	0.141992489846	
311	0.689403699236	0.794967406306	-0.0487874171154	0.407411120703	0.23660541169	
312	0.74166908323	0.0	0.383633595169	0.243721712708	0.402756453498	
313	1.31254451921	0.721789757359	0.236732530647	0.250934598726	0.259453999531	
314	0.567553207709	-0.121878215488	0.481504973565	0.417266770458	0.382225333286	
315	1.97523423395	1.04934785037	0.6984562665	0.351294678506	0.0	
316	0.0158142989471	0.0	0.41840365073	0.185771266093	0.122201684859	
317	2.24870295365	0.703791779906	0.594296081715	0.538841926106	0.279208765305	
318	0.696240077419	0.69370154058	0.322985658453	0.338349197495	0.139140734663	
319	0.761800402536	-0.100476046331	0.505670820313	0.264092149348	0.0447591109587	
320	1.49717993649	0.0675841816307	0.826626096578	0.11565231714	0.244953033014	
321	-0.966278969558	1.29086828522	0.366839760445	0.595332719294	0.0	
322	-1.27612548102	0.418883945844	-0.2134888805	-0.0373324170508	0.29056641774	
323	1.44427660438	0.623148953172	0.589149849413	-0.0404317151054	0.404997390224	
324	0.0	1.30991952028	0.46279395769	0.499578052348	0.0	
325	0.391227942043	0.0	0.205989939604	0.254019469336	0.173414691164	
326	0.741730539935	0.739309050321	0.428152584942	0.0282181476331	0.25415722875	
327	1.30456763053	0.857743153437	0.255048264914	0.213748505815	0.130156185831	
328	2.00699009024	-0.455395803421	0.699361428963	0.0	0.343138030614	
329	2.11407293319	-0.184631967486	0.300287577712	0.0	0.0617737720341	
330	1.21457084563	0.608658092338	0.281909686626	-0.217010779063	0.137456321537	
331	1.00259388927	0.728652871124	0.144447238665	0.368507740897	0.22229847213	
332	2.40644185107	0.751428815943	0.960935771592	0.248584994687	0.142826540792	
333	0.138137571296	0.820265414656	0.318130902119	-0.369202554433	0.357864489608	
334	1.20986311694	0.559135924631	0.522287442097	-0.0785429938679	0.269682013206	
335	-0.332538722687	0.252769003076	-0.00169791385403	0.203613145131	0.0944056634231	
336	1.38011112054	0.0790469164859	0.196360721176	0.225362219323	-0.0524582833099	
337	0.658843809864	1.18380921536	0.370359776346	0.396805240033	0.33447814697	
338	0.784156700446	-0.0581046383534	0.262807941314	0.652043550668	0.407599565527	
339	2.358051703	-0.0728035557625	0.482461407385	-0.0080167716895	0.0	
340	-0.855517635983	0.258024680711	0.514008029357	0.187489907627	0.0664583237164	
341	0.176450362516	-0.519727272306	-0.422424925633	0.287425135174	0.278805274705	
342	1.71323926193	0.450971811606	0.468097449576	0.631163138863	0.150241474224	
343	1.4288958511	-0.183877568251	-0.00317997674905	0.124931936418	0.215995355985	
344	0.482058407683	0.644910286943	0.0	0.419900797277	0.223306009412	
345	-0.321611491792	0.0	0.225699244813	0.0	0.044744269085	
346	1.24346711614	0.454208988228	0.528930502412	0.426405859242	0.32372532122	
347	2.29715432743	0.870606925517	0.770277275056	0.449324387182	0.418255495867	
348	0.357778275985	0.318408829452	0.293184527554	0.22995670988	-0.0657320281268	
349	-0.0778997388813	0.0268324624227	0.545654004276	-0.275469994841	-0.131835401615	
350	1.07445838817	-0.176279747987	0.586100574346	0.45861700566	0.209441104394	
351	0.0	1.23552678719	0.0320885917727	0.0	0.0266317184596	
352	1.53856162198	-0.323369297507	0.24001412382	0.38535476244	-0.0830566691326	
353	1.68662662797	0.900340820059	0.517220835318	0.498515733514	0.454077231038	
354	0.610411010418	0.999774654688	0.579581800021	0.0	0.19908376733	
355	1.83557675314	0.742637700612	-0.202670712373	-0.192632347303	-0.105457719553	
356	1.2042544134	0.139266076641	-0.306531616487	0.172571743421	0.299125209843	
357	1.2311566617	0.758182963252	0.211604963487	0.220187372014	0.194474455675	
358	1.10278096646	1.09926605895	0.220564881217	0.376513827539	0.0	
359	1.9979211224	0.243461132738	0.707453200833	-0.0924984491932	0.575237524073	
360	2.68633074258	0.297096876568	-0.70042866416	0.705832504815	0.0	
361	1.13455030486	0.746939422779	0.26687298355	0.371061951117	0.208342723446	
362	0.0	0.0	0.0319662854621	0.417027217273	0.221616265159	
363	0.897549930248	0.345783359447	0.0	0.219681882232	0.0	
364	0.846357186203	-0.0702204465849	0.186852949945	0.497757384985	0.172880513921	
365	1.52210986267	0.685963555353	0.26264576954	0.179483893178	0.211621885898	
366	1.59903951718	0.697997712875	0.201388337289	0.179235616779	0.335627369463	
367	-0.50403229626	0.0	0.317357490566	0.0	0.0622034825294	
368	2.49299740454	0.825164007402	0.792969475933	0.451506143605	0.190432110759	
369	1.38823687195	0.740196398955	0.756348888663	0.488784677618	0.265777585596	
370	0.302552308332	0.366990921973	0.249215921652	0.501450887417	0.0221390558856	
371	0.860144838054	1.07860927431	-0.0347160918369	-0.796476285494	0.0486527020838	
372	1.64550083796	0.0	0.252535345494	0.0	0.330416023249	
373	1.98511689056	1.28397340035	0.0	-0.136144923803	0.587604750813	
374	0.810524099668	0.926853144438	0.677639624136	0.386665206901	-0.096727607453	
375	0.287150658838	0.49335510168	0.277133497732	0.257083554314	0.284949372309	
376	1.72668981734	-0.627411834117	0.5841198743	0.275608785414	0.296796757531	
377	1.82201507238	0.67118332943	0.577911432969	-0.503972178622	0.490096743378	
378	1.80815304037	1.01064913096	0.48398883283	0.48665615937	0.0	
379	0.987241220215	0.91035595652	0.37905913073	-0.15910882665	0.146960564486	
380	1.22840929968	0.761946500213	0.313974561217	0.353854809994	0.102527586862	
381	1.41030987247	0.439961977998	0.385387700281	0.189326777975	0.309006492084	
382	-0.622951008338	0.997796656199	0.0	-0.0140279215967	0.285287627874	
383	-0.395799120696	0.292493234788	0.364859553192	0.489322412673	0.0	
384	1.15622670325	0.262985613045	0.0666249052463	0.374533888929	0.115484607442	
385	1.60392684262	1.02275080782	0.359304127325	0.0	-0.0174795157037	
386	0.880040447514	0.724383211966	0.0	0.278618285566	0.204817211231	
387	1.16960423228	0.744854779678	0.320536189691	0.176847258544	0.315257139876	
388	-0.514797858891	0.788526640345	-0.0555130479649	-0.115589493765	0.244722844737	
389	-0.259495357454	0.203177008594	0.277605176736	0.0	0.27918726685	
390	1.90558613256	0.876240327248	0.368683275239	0.312447700448	0.151577156819	
391	0.128821495309	0.371055204409	0.410808214728	0.272231700936	0.203299882569	
392	1.87055261697	-0.322489773429	0.0	0.395406995604	0.225698464726	
393	1.79550706182	0.9094138349	0.322219068382	-0.373210699574	0.49046040313	
394	-0.705444926405	-0.07393971035	-0.0309872586968	0.420639374973	0.0158969666257	
395	0.0	0.486002240491	-0.16524772992	0.328474928976	0.0927827721174	
396	0.86149873451	0.204845990552	0.46651458919	0.333138988594	0.317955301228	
397	0.644010096795	0.328903535399	0.11922056089	0.28835437893	0.284272932608	
398	0.378774095723	0.184187490329	0.0	0.0327507283386	-0.0335535890537	
399	1.03940872187	0.921799290731	0.231072155111	0.583589104183	0.460703211189	
400	1.86448139026	0.843784520332	0.480689338976	0.542769934576	0.540552998833	
401	2.17188584718	0.759747088226	-0.312043800745	0.460477293783	0.0487163553053	
402	1.25632726016	0.193478631416	0.104654878151	0.320388506213	0.235309930233	
403	1.079159542	0.223728801235	0.0996629191802	0.190103944881	0.161756131168	
404	0.996837900359	-0.232322188429	0.363981163296	0.236270731435	0.0950439436641	
405	0.864289505441	0.27432559195	0.0561181655219	-0.0369334104625	0.0980141616593	
406	1.97638636156	0.761961403512	0.0972461278293	-0.417323252478	0.19274759907	
407	1.28959760663	0.869835945119	0.829206932835	0.384864037008	0.311916256151	
408	0.316027930017	0.649280988038	0.161018977416	0.400962289913	0.383778275581	
409	-0.100604545511	0.12672319244	0.0206532442685	0.0267017215308	0.00996070667126	
410	1.32870154144	1.0028497089	0.331412458006	0.360466848574	-0.155805428771	
411	0.879749156861	0.724474409459	0.234566702492	0.0982431013573	0.272188014518	
412	1.8318090126	0.970509050903	0.0344578024207	0.477047540823	0.193375502766	
413	1.63970659149	0.385232154457	0.341998644984	0.325838867329	0.191855508308	
414	0.799948086627	0.429631575891	0.336814435423	0.436726044058	0.251430604894	
415	1.07928483767	0.0	-0.238887532949	0.0493325466772	0.316561479082	
416	1.14083733762	0.514164174262	0.528659187037	0.374148850079	0.30120775323	
417	0.370825882173	0.383778863452	0.544583966903	0.332369797075	0.0	
418	1.74756822562	0.321797669618	0.238534042858	0.222101680566	0.303624233802	
419	1.42482141544	1.09508306452	0.237883731872	0.269285810194	0.258074550227	
420	2.31078251523	0.877756833764	0.449483840093	0.421351787513	0.0	
421	0.589698213532	0.473921910715	0.285740013037	0.200839913743	0.290531075662	
422	0.913773441405	0.611672314425	0.395538327345	0.20157726215	-0.0644778812849	
423	1.07430739313	1.16479780297	0.158907093899	0.621036159704	0.474165822129	
424	1.64417659917	0.624058628167	0.61037481167	0.21294402109	0.136519142856	
425	1.88798930591	-0.79267466116	0.0	0.0293574899609	0.237932540786	
426	0.530690125916	0.101565012391	0.317082407718	0.198087133936	0.160650911076	
427	1.88979786225	0.340107417392	0.503446603499	0.334652105207	0.338680793363	
428	0.0	0.18898667866	-0.250295529708	0.0	-0.0097241444423	
429	1.60517234474	0.625179983051	0.271311231254	0.137272245804	0.150832434209	
430	0.625537792528	0.461026049809	0.255537909128	0.21200882501	0.431051861424	
431	2.04495422997	0.918666366744	0.697437766683	0.0	-0.0723601824109	
432	1.65855193134	0.423451484212	0.414650384301	0.497165259355	0.385174507659	
433	2.10384153277	0.797772957748	0.266137919412	0.391473539417	0.214817255592	
434	0.537731196377	0.0	0.262355973469	-0.0311388265367	0.283582222386	
435	1.73789543701	0.983635351854	0.291043802513	0.0	0.439830918964	
436	-0.0391294074416	0.295135726547	0.476160079658	0.312704899398	0.477018544688	
437	0.0	0.898493695861	-0.370293810045	-0.00937235389532	0.228649278087	
438	-0.0193707319158	0.862939824857	0.42429169757	0.366094608395	0.167165466404	
439	1.52261157755	0.289948406516	0.446295614643	0.0	0.427072604385	
440	0.307151337941	0.626976798672	-0.0988999650334	0.152701002399	-0.0761098147866	
441	1.57230392966	0.182400209949	0.0	0.229047832565	0.235673203004	
442	0.459506458121	0.0	0.199447695478	-0.392246001339	0.0335493010632	
443	0.43173128125	0.0540640686321	0.0564113941053	0.0808837726727	0.14086644762	
444	0.0	0.158043767614	0.630650240554	-0.00278320913836	0.274097324414	
445	0.544453346533	0.0	0.265893707649	-0.136253239253	-0.0858487843913	
446	0.965620370371	0.0	0.0	0.132005651422	0.119340317178	
447	1.90841227391	0.0	0.677444354276	0.553759332633	0.364474963359	
448	-0.498850741595	0.895528871745	0.796099079382	0.38021396978	0.0765387240143	
449	0.710817830537	0.292569411023	0.151345058203	0.0581001793027	0.185893776512	
450	0.575274041971	0.724797504647	0.245882366299	0.452345047914	0.225554302022	
451	1.608107046	0.698592962655	0.574202898626	0.29765274248	0.0617840076305	
452	1.58640023645	0.994084833424	0.363486287325	0.061468073637	0.325348577262	
453	1.10388520444	1.0187278473	0.609454376418	0.294773571288	0.409200003521	
454	0.131085982711	0.964469462886	-0.52655109137	0.347676206812	-0.106432607386	
455	1.67342862385	0.0	0.354570774291	0.160626261394	-0.118182347248	
456	1.32075272963	0.432048306113	0.46273912715	0.450217031512	0.306310847307	
457	2.84969737549	0.580234388204	0.572945182449	0.47876469102	0.339028017504	
458	1.04693227393	0.621216215425	0.58508994222	0.430137650685	0.283287942631	
459	0.0	0.351055137649	0.35419943725	0.446477675417	0.281281136732	
460	0.0	0.140717425329	0.160999482913	0.0	0.0	
461	0.474692713941	0.534274739219	0.475822220552	0.0776649587883	0.147662723155	
462	1.12077629127	0.048428612197	0.347220391968	0.0372865434896	-0.103378090402	
463	0.752523012173	1.28177238248	0.628088123393	0.736693000052	0.287092709624	
464	1.44772054732	0.585068738923	0.43341819517	-0.269824931822	0.191512160056	
465	0.468741923107	0.269837607069	0.0	0.215409274191	0.291155739916	
466	0.0	0.20653411307	-0.079301905428	0.18576740667	0.0230239577277	
467	-0.243187152388	0.396862525067	0.716088710525	0.302549058735	0.0	
468	-1.18400330232	-0.389053058066	-0.172804615675	0.442797273657	0.365641438408	
469	-1.04058013699	0.610392919948	0.425506831177	0.115800482078	0.178523227644	
470	0.708344891177	-0.0226380744315	0.0618872260537	0.124218458029	0.474243315788	
471	1.57564739771	0.762245772365	0.644341400226	0.27807502674	0.302000295022	
472	0.0	0.449969351952	-0.222996120966	0.404887273287	-0.121314714326	
473	0.792693353891	0.512216074774	0.138475875899	0.191968397046	0.122877293615	
474	-0.97316950075	0.907750278097	-0.587545604103	0.217234373743	0.287949177676	
475	0.135113322278	0.239279392982	0.15867674683	0.0719863529539	0.290956051974	
476	0.897159525841	0.724268372472	0.380597013358	-0.0194773218784	0.210835460562	
477	1.58879781609	0.665343810604	0.214116356816	0.199944436672	0.377583543549	
478	0.61515949976	1.19075907776	0.445315981956	0.43701872968	0.502162816805	
479	0.809976786745	0.370476957405	0.469119943315	0.182039002291	0.242934220802	
480	0.781973724056	0.767956688796	0.333207717568	0.0526169647856	0.352128807515	
481	2.10489349383	0.528376732017	0.704890174385	-0.287663817414	0.154080075214	
482	-0.725393146337	0.22084240939	-0.112605345758	0.0	0.289578295059	
483	1.62277384432	0.41943531962	0.431280631012	0.443501410924	-0.231261547192	
484	2.57476280572	1.08396490974	-0.341532559693	-0.466786323991	0.368896908693	
485	0.706517878106	-0.208029806395	-0.0795390713774	0.0	0.0727108536829	
486	1.6715707987	1.09815720944	0.858060425859	0.540801626182	0.259925578197	
487	0.0	0.379090856466	0.269222037137	0.220575012616	0.074873655831	
488	0.15651845673	0.422711254807	0.363086072953	0.387181897474	0.165421021827	
489	-0.261079513886	-0.0724744689874	-0.179390347985	0.0788260298058	0.0238910067346	
490	0.0	0.452583471328	-0.0203298193988	0.0	0.0411207505543	
491	0.731993724324	0.451404537577	0.301170238401	0.1793991816	0.097688531016	
492	0.241888834886	0.0	0.747735832004	0.441424736929	0.225119087302	
493	0.937090623269	1.00048993401	0.569515934608	0.282239138446	0.190756483191	
494	1.26174212439	0.596078919736	0.714567551769	0.518667356556	0.121805051364	
495	1.91594059033	1.16750419437	0.00743028826747	0.386035880141	0.0	
496	1.74617234285	-0.678571411635	0.873954389859	0.0	0.476634038865	
497	1.62850847101	1.34071749044	0.767024916576	0.637582604371	0.0	
498	1.27313670425	0.0	0.3342904356	0.535352556354	0.406384055185	
499	0.565957269867	-0.266122119964	0.578253354448	0.0	0.0976139283581	
500	-0.0273843299984	0.455809363109	0.163356005498	0.310919486504	0.152046692181	
501	0.137748493182	0.807725803868	0.0	0.297511593873	0.0	
